Original Population: [[-2.19804093e-12 -2.24653134e-12 -2.25057058e-13  4.80183404e-11
  -5.62894655e-11 -1.17909631e-15  1.02466383e-15  2.39696981e-05
  -1.67376928e-06 -1.45905759e-08  7.76611803e-10]
 [-2.17106935e-12 -2.05081997e-12 -2.09203903e-13  4.81434850e-11
  -5.96199904e-11 -1.17909631e-15  9.11088356e-16  2.39696981e-05
  -1.67376928e-06 -1.45905759e-08  7.76611803e-10]
 [-2.18957654e-12 -2.02492211e-12 -2.10470016e-13  4.81334903e-11
  -5.96267210e-11 -1.17909631e-15  9.97944153e-16  2.39696981e-05
  -1.67376928e-06 -1.45905759e-08  7.76611803e-10]
 [-2.18954884e-12 -2.02491044e-12 -2.10469474e-13  4.81335053e-11
  -5.96267109e-11 -1.17909631e-15  9.97957186e-16  2.39696981e-05
  -1.67376928e-06 -1.45905759e-08  7.76611803e-10]
 [-2.39859656e-12 -2.11298922e-12 -2.14558579e-13  4.80206108e-11
  -5.97027366e-11 -1.17909631e-15  8.99621761e-16  2.39696981e-05
  -1.67376928e-06 -1.45905759e-08  7.76611803e-10]
 [-2.39854026e-12 -2.11296551e-12 -2.24765618e-13  4.80206412e-11
  -5.97027161e-11 -1.17909631e-15  9.98224977e-16  2.39696981e-05
  -1.67376928e-06 -1.45905759e-08  7.76611803e-10]
 [-2.03273577e-12 -1.84380711e-12 -2.11065925e-13  4.81170381e-11
  -5.96378003e-11 -1.17909631e-15  9.83613635e-16  2.33306191e-05
  -1.67376928e-06 -1.43016335e-08  7.76611803e-10]
 [-2.05723688e-12 -2.05678911e-12 -2.08912080e-13  4.81457886e-11
  -6.39186875e-11 -1.26772178e-15  9.53002660e-16  2.39696981e-05
  -1.67376928e-06 -1.45905759e-08  7.76611803e-10]
 [-2.17379363e-12 -2.04700777e-12 -2.09390277e-13  4.81420138e-11
  -5.96209811e-11 -1.26938371e-15  9.23873642e-16  2.39696981e-05
  -1.67376928e-06 -1.45905759e-08  7.76611803e-10]
 [-2.17187661e-12 -1.86462405e-12 -2.09259189e-13  4.81430490e-11
  -6.09174066e-11 -1.08322817e-15  9.14883148e-16  2.39696981e-05
  -1.73464650e-06 -1.45905759e-08  7.76611803e-10]
 [-2.33843680e-12 -1.88139512e-12 -2.10283642e-13  4.81349616e-11
  -5.96257302e-11 -1.17909631e-15  9.62416990e-16  2.25955549e-05
  -1.67376928e-06 -1.48317756e-08  7.76611803e-10]
 [-2.19384223e-12 -2.01895297e-12 -2.10761839e-13  4.81311867e-11
  -6.10939261e-11 -1.17909631e-15  9.54588867e-16  2.39696981e-05
  -1.53605352e-06 -1.45905759e-08  7.09167764e-10]
 [-2.57045979e-12 -2.10014174e-12 -2.13962128e-13  4.80370780e-11
  -6.20876831e-11 -1.17909631e-15  9.13965313e-16  2.26634671e-05
  -1.67376928e-06 -1.34519066e-08  7.76611803e-10]
 [-2.35610821e-12 -2.14128055e-12 -2.05161983e-13  4.80201298e-11
  -5.89796241e-11 -1.09362246e-15  9.63520415e-16  2.59670676e-05
  -1.67376928e-06 -1.35370037e-08  7.76611803e-10]
 [-2.34022039e-12 -2.21824002e-12 -2.22832922e-13  4.56349841e-11
  -5.70125779e-11 -1.07827208e-15  1.01066625e-15  2.58777828e-05
  -1.67376928e-06 -1.35071991e-08  7.76611803e-10]
 [-2.18874158e-12 -2.02604228e-12 -2.10414188e-13  4.90187467e-11
  -5.96264173e-11 -1.17909631e-15  9.08941406e-16  2.39696981e-05
  -1.57696035e-06 -1.45905759e-08  7.76611803e-10]]
Parents: [[-2.19804093e-12 -2.24653134e-12 -2.25057058e-13  4.80183404e-11
  -5.62894655e-11 -1.17909631e-15  1.02466383e-15  2.39696981e-05
  -1.67376928e-06 -1.45905759e-08  7.76611803e-10]
 [-2.17106935e-12 -2.05081997e-12 -2.09203903e-13  4.81434850e-11
  -5.96199904e-11 -1.17909631e-15  9.11088356e-16  2.39696981e-05
  -1.67376928e-06 -1.45905759e-08  7.76611803e-10]
 [-2.18957654e-12 -2.02492211e-12 -2.10470016e-13  4.81334903e-11
  -5.96267210e-11 -1.17909631e-15  9.97944153e-16  2.39696981e-05
  -1.67376928e-06 -1.45905759e-08  7.76611803e-10]
 [-2.18954884e-12 -2.02491044e-12 -2.10469474e-13  4.81335053e-11
  -5.96267109e-11 -1.17909631e-15  9.97957186e-16  2.39696981e-05
  -1.67376928e-06 -1.45905759e-08  7.76611803e-10]
 [-2.39859656e-12 -2.11298922e-12 -2.14558579e-13  4.80206108e-11
  -5.97027366e-11 -1.17909631e-15  8.99621761e-16  2.39696981e-05
  -1.67376928e-06 -1.45905759e-08  7.76611803e-10]
 [-2.39854026e-12 -2.11296551e-12 -2.24765618e-13  4.80206412e-11
  -5.97027161e-11 -1.17909631e-15  9.98224977e-16  2.39696981e-05
  -1.67376928e-06 -1.45905759e-08  7.76611803e-10]]
Crossover Children: [array([-2.32902249e-12, -2.04693262e-12, -2.08760722e-13,  4.96683802e-11,
       -5.96209987e-11, -1.17909631e-15,  9.24121772e-16,  2.39696981e-05,
       -1.67376928e-06, -1.45905759e-08,  7.58511117e-10]), array([-2.18677626e-12, -2.02879779e-12, -2.13665473e-13,  4.81350026e-11,
       -6.35074336e-11, -1.17909631e-15,  9.84923770e-16,  2.29779461e-05,
       -1.67376928e-06, -1.45905759e-08,  7.76611803e-10]), array([-2.02509824e-12, -2.02198498e-12, -2.10276684e-13,  4.81350165e-11,
       -5.96709519e-11, -1.17909631e-15,  9.97590020e-16,  2.27069924e-05,
       -1.67376928e-06, -1.36499276e-08,  8.27082583e-10]), array([-2.19815312e-12, -2.02651244e-12, -2.34726987e-13,  4.58554852e-11,
       -5.62452346e-11, -1.17909631e-15,  1.02501796e-15,  2.39696981e-05,
       -1.67376928e-06, -1.45905759e-08,  7.76611803e-10]), array([-2.18782983e-12, -1.97919084e-12, -2.07459834e-13,  4.81572527e-11,
       -6.03153969e-11, -1.17909631e-15,  1.00817554e-15,  2.39696981e-05,
       -1.74180934e-06, -1.49923232e-08,  7.90371726e-10]), array([-2.19978764e-12, -2.35349601e-12, -2.28067240e-13,  4.79945781e-11,
       -5.56007896e-11, -1.17909631e-15,  9.95206864e-16,  2.39696981e-05,
       -1.67376928e-06, -1.44279301e-08,  7.76611803e-10]), array([-2.18886181e-12, -1.94018576e-12, -2.26163139e-13,  4.81338763e-11,
       -5.96264611e-11, -1.08313952e-15,  9.94589839e-16,  2.45524760e-05,
       -1.67376928e-06, -1.37984269e-08,  7.70628132e-10]), array([-2.17178408e-12, -2.22542696e-12, -2.09252800e-13,  4.81430990e-11,
       -6.07611189e-11, -1.13630299e-15,  9.58913898e-16,  2.59419536e-05,
       -1.77632054e-06, -1.45905759e-08,  7.06481203e-10]), array([-2.20489825e-12, -2.06006333e-12, -2.10000040e-13,  4.81252160e-11,
       -5.96322931e-11, -1.17909631e-15,  9.09383495e-16,  2.39696981e-05,
       -1.59669402e-06, -1.45905759e-08,  7.18029375e-10]), array([-2.33747224e-12, -2.17899809e-12, -2.13762442e-13,  4.80388799e-11,
       -5.64316431e-11, -1.17909631e-15,  9.01326622e-16,  2.28499030e-05,
       -1.64954694e-06, -1.45905759e-08,  7.76611803e-10])]
Mutated Children: [array([-2.32902249e-12, -2.04693262e-12, -2.08760722e-13,  4.96683802e-11,
       -5.96209987e-11, -1.17909631e-15,  9.24121772e-16,  2.39696981e-05,
       -1.67376928e-06, -1.45905759e-08,  7.58511117e-10]), array([-2.18677626e-12, -2.02879779e-12, -2.13665473e-13,  4.81350026e-11,
       -6.35074336e-11, -1.17909631e-15,  9.84923770e-16,  2.29779461e-05,
       -1.67376928e-06, -1.45905759e-08,  7.76611803e-10]), array([-2.02509824e-12, -2.02198498e-12, -2.10276684e-13,  4.81350165e-11,
       -5.96709519e-11, -1.17909631e-15,  9.97590020e-16,  2.27069924e-05,
       -1.67376928e-06, -1.36499276e-08,  8.27082583e-10]), array([-2.19815312e-12, -2.02651244e-12, -2.34726987e-13,  4.58554852e-11,
       -5.62452346e-11, -1.17909631e-15,  1.02501796e-15,  2.39696981e-05,
       -1.67376928e-06, -1.45905759e-08,  7.76611803e-10]), array([-2.18782983e-12, -1.97919084e-12, -2.07459834e-13,  4.81572527e-11,
       -6.03153969e-11, -1.17909631e-15,  1.00817554e-15,  2.39696981e-05,
       -1.74180934e-06, -1.49923232e-08,  7.90371726e-10]), array([-2.19978764e-12, -2.35349601e-12, -2.28067240e-13,  4.79945781e-11,
       -5.56007896e-11, -1.17909631e-15,  9.95206864e-16,  2.39696981e-05,
       -1.67376928e-06, -1.44279301e-08,  7.76611803e-10]), array([-2.18886181e-12, -1.94018576e-12, -2.26163139e-13,  4.81338763e-11,
       -5.96264611e-11, -1.08313952e-15,  9.94589839e-16,  2.45524760e-05,
       -1.67376928e-06, -1.37984269e-08,  7.70628132e-10]), array([-2.17178408e-12, -2.22542696e-12, -2.09252800e-13,  4.81430990e-11,
       -6.07611189e-11, -1.13630299e-15,  9.58913898e-16,  2.59419536e-05,
       -1.77632054e-06, -1.45905759e-08,  7.06481203e-10]), array([-2.20489825e-12, -2.06006333e-12, -2.10000040e-13,  4.81252160e-11,
       -5.96322931e-11, -1.17909631e-15,  9.09383495e-16,  2.39696981e-05,
       -1.59669402e-06, -1.45905759e-08,  7.18029375e-10]), array([-2.33747224e-12, -2.17899809e-12, -2.13762442e-13,  4.80388799e-11,
       -5.64316431e-11, -1.17909631e-15,  9.01326622e-16,  2.28499030e-05,
       -1.64954694e-06, -1.45905759e-08,  7.76611803e-10])]