Original Population: [[-2.22151551e-12 -2.03663234e-12 -2.15265346e-13  4.81333709e-11
  -7.23968679e-11 -1.17909631e-15  9.81120007e-16  2.39696981e-05
  -1.67376928e-06 -1.45905759e-08  7.76611803e-10]
 [-2.22912281e-12 -2.03058923e-12 -2.17322362e-13  4.81333870e-11
  -7.28685502e-11 -1.17909631e-15  1.02465981e-15  2.39696981e-05
  -1.67376928e-06 -1.45905759e-08  7.76611803e-10]
 [-2.19855126e-12 -2.03428705e-12 -2.17677540e-13  4.81333771e-11
  -7.29578101e-11 -1.17909631e-15  1.03581942e-15  2.39696981e-05
  -1.67376928e-06 -1.45905759e-08  7.76611803e-10]
 [-2.35527332e-12 -2.04240882e-12 -2.15922150e-13  4.81330441e-11
  -7.72310338e-11 -1.17909631e-15  8.53266240e-16  2.39696981e-05
  -1.67376928e-06 -1.45905759e-08  7.76611803e-10]
 [-2.40609561e-12 -2.00918326e-12 -2.15266301e-13  4.81334442e-11
  -7.89620776e-11 -1.17909631e-15  9.60058964e-16  2.39696981e-05
  -1.67376928e-06 -1.45905759e-08  7.76611803e-10]
 [-2.41460810e-12 -2.06018376e-12 -2.15257669e-13  5.25803133e-11
  -7.92805254e-11 -1.17909631e-15  8.63579341e-16  2.39696981e-05
  -1.67376928e-06 -1.45905759e-08  7.76611803e-10]
 [-2.33005094e-12 -2.04131956e-12 -2.29860116e-13  4.81331057e-11
  -7.63194668e-11 -1.17909631e-15  8.77375316e-16  2.40923038e-05
  -1.67376928e-06 -1.45905759e-08  7.76611803e-10]
 [-2.09855621e-12 -1.84353234e-12 -2.15207797e-13  4.81333995e-11
  -6.90768702e-11 -1.15606135e-15  9.92322492e-16  2.39696981e-05
  -1.67376928e-06 -1.47089243e-08  7.76611803e-10]
 [-2.20315251e-12 -2.15603048e-12 -2.10299986e-13  5.01739282e-11
  -7.12582902e-11 -1.17909631e-15  8.76020789e-16  2.39696981e-05
  -1.76177534e-06 -1.45905759e-08  7.76611803e-10]
 [-2.36287257e-12 -2.03482514e-12 -2.17729224e-13  4.81333757e-11
  -7.29707988e-11 -1.19343381e-15  1.03744332e-15  2.24347986e-05
  -1.67376928e-06 -1.45905759e-08  7.76611803e-10]
 [-2.32224234e-12 -2.03931400e-12 -2.16288778e-13  4.81331339e-11
  -7.60887704e-11 -1.09940892e-15  8.98143565e-16  2.39696981e-05
  -1.76522405e-06 -1.36196474e-08  7.76611803e-10]
 [-2.43627269e-12 -2.08536149e-12 -2.17270677e-13  5.27345413e-11
  -7.46768018e-11 -1.10181160e-15  9.51474603e-16  2.39696981e-05
  -1.67376928e-06 -1.42699216e-08  7.76611803e-10]
 [-2.36699312e-12 -1.85939550e-12 -2.24344754e-13  4.89814961e-11
  -8.23156007e-11 -1.17909631e-15  8.42063755e-16  2.39696981e-05
  -1.71221752e-06 -1.42399295e-08  8.13135051e-10]
 [-2.24748582e-12 -2.01600197e-12 -2.16519408e-13  4.81334260e-11
  -7.40071279e-11 -1.17909631e-15  1.07283376e-15  2.51411591e-05
  -1.67376928e-06 -1.45905759e-08  7.96082785e-10]
 [-2.24673790e-12 -2.03772160e-12 -2.15389198e-13  4.81333093e-11
  -7.33084348e-11 -1.16327656e-15  9.57010932e-16  2.39696981e-05
  -1.58902747e-06 -1.45905759e-08  7.76611803e-10]
 [-2.26215379e-12 -1.85123141e-12 -2.16196054e-13  5.21408111e-11
  -7.98370519e-11 -1.17909631e-15  9.79782484e-16  2.39696981e-05
  -1.63532619e-06 -1.45905759e-08  8.18083895e-10]]
Parents: [[-2.22151551e-12 -2.03663234e-12 -2.15265346e-13  4.81333709e-11
  -7.23968679e-11 -1.17909631e-15  9.81120007e-16  2.39696981e-05
  -1.67376928e-06 -1.45905759e-08  7.76611803e-10]
 [-2.22912281e-12 -2.03058923e-12 -2.17322362e-13  4.81333870e-11
  -7.28685502e-11 -1.17909631e-15  1.02465981e-15  2.39696981e-05
  -1.67376928e-06 -1.45905759e-08  7.76611803e-10]
 [-2.19855126e-12 -2.03428705e-12 -2.17677540e-13  4.81333771e-11
  -7.29578101e-11 -1.17909631e-15  1.03581942e-15  2.39696981e-05
  -1.67376928e-06 -1.45905759e-08  7.76611803e-10]
 [-2.35527332e-12 -2.04240882e-12 -2.15922150e-13  4.81330441e-11
  -7.72310338e-11 -1.17909631e-15  8.53266240e-16  2.39696981e-05
  -1.67376928e-06 -1.45905759e-08  7.76611803e-10]
 [-2.40609561e-12 -2.00918326e-12 -2.15266301e-13  4.81334442e-11
  -7.89620776e-11 -1.17909631e-15  9.60058964e-16  2.39696981e-05
  -1.67376928e-06 -1.45905759e-08  7.76611803e-10]
 [-2.41460810e-12 -2.06018376e-12 -2.15257669e-13  5.25803133e-11
  -7.92805254e-11 -1.17909631e-15  8.63579341e-16  2.39696981e-05
  -1.67376928e-06 -1.45905759e-08  7.76611803e-10]]
Crossover Children: [array([-2.19995542e-12, -2.00558499e-12, -2.17661227e-13,  4.81333776e-11,
       -7.56255828e-11, -1.17909631e-15,  1.12868346e-15,  2.53337577e-05,
       -1.80641636e-06, -1.47783741e-08,  7.76611803e-10]), array([-2.19428356e-12, -1.87342980e-12, -2.17338675e-13,  4.81333865e-11,
       -7.28726500e-11, -1.17909631e-15,  1.02517237e-15,  2.16311924e-05,
       -1.50807534e-06, -1.50824665e-08,  7.76611803e-10]), array([-2.20208151e-12, -2.02805561e-12, -2.12500089e-13,  4.81334605e-11,
       -7.07127610e-11, -1.17909631e-15,  1.06139930e-15,  2.39696981e-05,
       -1.67376928e-06, -1.45905759e-08,  7.76611803e-10]), array([-2.38231463e-12, -2.04494243e-12, -2.15622004e-13,  4.81329706e-11,
       -7.81661648e-11, -1.06707839e-15,  8.45342745e-16,  2.39696981e-05,
       -1.67376928e-06, -1.45905759e-08,  7.76611803e-10]), array([-2.22252990e-12, -2.03582653e-12, -2.15539637e-13,  5.09783860e-11,
       -7.12535929e-11, -1.17909631e-15,  9.86925798e-16,  2.39696981e-05,
       -1.50877241e-06, -1.39299625e-08,  7.68826013e-10]), array([-2.22810842e-12, -2.03139504e-12, -2.17048070e-13,  4.81333849e-11,
       -7.28056540e-11, -1.17909631e-15,  1.04629933e-15,  2.39696981e-05,
       -1.64749138e-06, -1.45905759e-08,  7.76611803e-10]), array([-2.27221559e-12, -2.12442689e-12, -2.15931379e-13,  4.81333761e-11,
       -6.74735994e-11, -1.17909631e-15,  9.95217584e-16,  2.39696981e-05,
       -1.67376928e-06, -1.49676781e-08,  7.76611803e-10]), array([-2.22665967e-12, -1.84406134e-12, -2.35526408e-13,  4.81333818e-11,
       -7.27158261e-11, -1.17909631e-15,  1.01056223e-15,  2.39696981e-05,
       -1.81144933e-06, -1.45905759e-08,  7.76611803e-10]), array([-2.23110123e-12, -2.03034993e-12, -1.99496488e-13,  4.72103062e-11,
       -7.28627738e-11, -1.17909631e-15,  1.02393762e-15,  2.20756039e-05,
       -1.67376928e-06, -1.45905759e-08,  7.76611803e-10]), array([-2.19657285e-12, -2.04445143e-12, -1.97199629e-13,  4.81333765e-11,
       -7.29635864e-11, -1.18760941e-15,  1.03654161e-15,  2.39696981e-05,
       -1.67376928e-06, -1.45905759e-08,  7.76611803e-10])]
Mutated Children: [array([-2.19995542e-12, -2.00558499e-12, -2.17661227e-13,  4.81333776e-11,
       -7.56255828e-11, -1.17909631e-15,  1.12868346e-15,  2.53337577e-05,
       -1.80641636e-06, -1.47783741e-08,  7.76611803e-10]), array([-2.19428356e-12, -1.87342980e-12, -2.17338675e-13,  4.81333865e-11,
       -7.28726500e-11, -1.17909631e-15,  1.02517237e-15,  2.16311924e-05,
       -1.50807534e-06, -1.50824665e-08,  7.76611803e-10]), array([-2.20208151e-12, -2.02805561e-12, -2.12500089e-13,  4.81334605e-11,
       -7.07127610e-11, -1.17909631e-15,  1.06139930e-15,  2.39696981e-05,
       -1.67376928e-06, -1.45905759e-08,  7.76611803e-10]), array([-2.38231463e-12, -2.04494243e-12, -2.15622004e-13,  4.81329706e-11,
       -7.81661648e-11, -1.06707839e-15,  8.45342745e-16,  2.39696981e-05,
       -1.67376928e-06, -1.45905759e-08,  7.76611803e-10]), array([-2.22252990e-12, -2.03582653e-12, -2.15539637e-13,  5.09783860e-11,
       -7.12535929e-11, -1.17909631e-15,  9.86925798e-16,  2.39696981e-05,
       -1.50877241e-06, -1.39299625e-08,  7.68826013e-10]), array([-2.22810842e-12, -2.03139504e-12, -2.17048070e-13,  4.81333849e-11,
       -7.28056540e-11, -1.17909631e-15,  1.04629933e-15,  2.39696981e-05,
       -1.64749138e-06, -1.45905759e-08,  7.76611803e-10]), array([-2.27221559e-12, -2.12442689e-12, -2.15931379e-13,  4.81333761e-11,
       -6.74735994e-11, -1.17909631e-15,  9.95217584e-16,  2.39696981e-05,
       -1.67376928e-06, -1.49676781e-08,  7.76611803e-10]), array([-2.22665967e-12, -1.84406134e-12, -2.35526408e-13,  4.81333818e-11,
       -7.27158261e-11, -1.17909631e-15,  1.01056223e-15,  2.39696981e-05,
       -1.81144933e-06, -1.45905759e-08,  7.76611803e-10]), array([-2.23110123e-12, -2.03034993e-12, -1.99496488e-13,  4.72103062e-11,
       -7.28627738e-11, -1.17909631e-15,  1.02393762e-15,  2.20756039e-05,
       -1.67376928e-06, -1.45905759e-08,  7.76611803e-10]), array([-2.19657285e-12, -2.04445143e-12, -1.97199629e-13,  4.81333765e-11,
       -7.29635864e-11, -1.18760941e-15,  1.03654161e-15,  2.39696981e-05,
       -1.67376928e-06, -1.45905759e-08,  7.76611803e-10])]