Original Population: [[-2.32085985e-12 -2.28730063e-12 -2.44135331e-13  5.09348425e-11
  -5.17472472e-11 -1.17909631e-15  9.95659908e-16  2.39696981e-05
  -1.67376928e-06 -1.45905759e-08  7.76611803e-10]
 [-2.10968555e-12 -1.86507526e-12 -2.32259400e-13  4.74405481e-11
  -5.22647101e-11 -1.17909631e-15  1.02232500e-15  2.39696981e-05
  -1.67376928e-06 -1.45905759e-08  7.76611803e-10]
 [-2.11417713e-12 -1.97965067e-12 -2.32350417e-13  4.73631037e-11
  -5.22771594e-11 -1.17909631e-15  1.01902480e-15  2.39696981e-05
  -1.67376928e-06 -1.45905759e-08  7.76611803e-10]
 [-2.19791278e-12 -2.02646787e-12 -2.34047231e-13  4.59193221e-11
  -5.25092485e-11 -1.17909631e-15  9.57499737e-16  2.39696981e-05
  -1.67376928e-06 -1.45905759e-08  7.76611803e-10]
 [-1.91947631e-12 -1.97967607e-12 -2.32351338e-13  4.40762910e-11
  -5.34418397e-11 -1.17909631e-15  1.01899141e-15  2.39696981e-05
  -1.67376928e-06 -1.45905759e-08  7.76611803e-10]
 [-2.16338420e-12 -2.25457319e-12 -2.42314540e-13  4.80679589e-11
  -5.36400459e-11 -1.17909631e-15  1.00228495e-15  2.39696981e-05
  -1.67376928e-06 -1.45905759e-08  7.76611803e-10]
 [-2.06684921e-12 -2.01087402e-12 -2.33546466e-13  5.00041106e-11
  -5.22233787e-11 -1.17909631e-15  1.01665350e-15  2.47561605e-05
  -1.69945076e-06 -1.45905759e-08  7.76611803e-10]
 [-1.89684704e-12 -1.97181691e-12 -2.32066495e-13  4.88895233e-11
  -5.42004336e-11 -1.17500028e-15  1.08773286e-15  2.39696981e-05
  -1.67376928e-06 -1.50400959e-08  7.76611803e-10]
 [-2.21192396e-12 -2.02268660e-12 -2.34331153e-13  4.56777393e-11
  -5.25480832e-11 -1.06254139e-15  9.47204970e-16  2.50213152e-05
  -1.67376928e-06 -1.56770360e-08  7.76611803e-10]
 [-2.11422298e-12 -1.74993420e-12 -2.32257206e-13  4.66418107e-11
  -5.22366298e-11 -1.17909631e-15  1.10648482e-15  2.39696981e-05
  -1.67376928e-06 -1.44507622e-08  7.29706375e-10]
 [-1.94162202e-12 -1.96633331e-12 -2.53228330e-13  4.47549361e-11
  -5.33047887e-11 -1.06772128e-15  9.24916041e-16  2.23130864e-05
  -1.67376928e-06 -1.33550562e-08  7.76611803e-10]
 [-2.39101451e-12 -2.01310851e-12 -2.23331548e-13  4.27055400e-11
  -5.25482768e-11 -1.17909631e-15  1.01954918e-15  2.57897813e-05
  -1.65929548e-06 -1.45905759e-08  7.00915291e-10]
 [-1.91493888e-12 -1.98240987e-12 -2.32353531e-13  4.39960368e-11
  -5.34699201e-11 -1.11390952e-15  1.03426315e-15  2.48105774e-05
  -1.75749563e-06 -1.45905759e-08  8.23907865e-10]
 [-2.08753983e-12 -1.94135736e-12 -2.31769690e-13  4.70488538e-11
  -5.24017612e-11 -1.10117030e-15  1.02193688e-15  2.56172246e-05
  -1.80070264e-06 -1.45905759e-08  7.59357491e-10]
 [-2.32715697e-12 -2.18503366e-12 -2.44652025e-13  5.11917280e-11
  -5.01620443e-11 -1.17909631e-15  9.97614400e-16  2.39696981e-05
  -1.67376928e-06 -1.50220898e-08  8.14060780e-10]
 [-2.29988365e-12 -2.25607727e-12 -2.29169345e-13  5.05723472e-11
  -5.18010279e-11 -1.08165385e-15  9.98031207e-16  2.46824608e-05
  -1.55390291e-06 -1.45905759e-08  7.76611803e-10]]
Parents: [[-2.32085985e-12 -2.28730063e-12 -2.44135331e-13  5.09348425e-11
  -5.17472472e-11 -1.17909631e-15  9.95659908e-16  2.39696981e-05
  -1.67376928e-06 -1.45905759e-08  7.76611803e-10]
 [-2.10968555e-12 -1.86507526e-12 -2.32259400e-13  4.74405481e-11
  -5.22647101e-11 -1.17909631e-15  1.02232500e-15  2.39696981e-05
  -1.67376928e-06 -1.45905759e-08  7.76611803e-10]
 [-2.11417713e-12 -1.97965067e-12 -2.32350417e-13  4.73631037e-11
  -5.22771594e-11 -1.17909631e-15  1.01902480e-15  2.39696981e-05
  -1.67376928e-06 -1.45905759e-08  7.76611803e-10]
 [-2.19791278e-12 -2.02646787e-12 -2.34047231e-13  4.59193221e-11
  -5.25092485e-11 -1.17909631e-15  9.57499737e-16  2.39696981e-05
  -1.67376928e-06 -1.45905759e-08  7.76611803e-10]
 [-1.91947631e-12 -1.97967607e-12 -2.32351338e-13  4.40762910e-11
  -5.34418397e-11 -1.17909631e-15  1.01899141e-15  2.39696981e-05
  -1.67376928e-06 -1.45905759e-08  7.76611803e-10]
 [-2.16338420e-12 -2.25457319e-12 -2.42314540e-13  4.80679589e-11
  -5.36400459e-11 -1.17909631e-15  1.00228495e-15  2.39696981e-05
  -1.67376928e-06 -1.45905759e-08  7.76611803e-10]]
Crossover Children: [array([-2.15187379e-12, -2.25218103e-12, -2.42181453e-13,  4.78584092e-11,
       -5.37783967e-11, -1.17909631e-15,  1.01262310e-15,  2.55555472e-05,
       -1.67376928e-06, -1.39915443e-08,  7.87754309e-10]), array([-2.33237025e-12, -2.33773454e-12, -2.50811780e-13,  5.11443923e-11,
       -5.29982378e-11, -1.12758945e-15,  9.95175662e-16,  2.39696981e-05,
       -1.68684209e-06, -1.45905759e-08,  7.76124318e-10]), array([-2.12872558e-12, -1.85360367e-12, -2.31530479e-13,  4.77773118e-11,
       -5.21468789e-11, -1.17909631e-15,  9.81023212e-16,  2.41653460e-05,
       -1.69746871e-06, -1.45905759e-08,  7.76611803e-10]), array([-1.90043628e-12, -1.99114767e-12, -2.17177944e-13,  4.70400750e-11,
       -5.19374829e-11, -1.17909631e-15,  1.01865771e-15,  2.39696981e-05,
       -1.52444067e-06, -1.33545997e-08,  7.72555445e-10]), array([-2.08959302e-12, -2.00790050e-12, -2.47100478e-13,  4.93473776e-11,
       -5.21394738e-11, -1.13851552e-15,  9.97665734e-16,  2.39696981e-05,
       -1.67376928e-06, -1.45905759e-08,  7.76611803e-10]), array([-2.01237964e-12, -1.88298600e-12, -2.35078834e-13,  4.56637560e-11,
       -5.45965175e-11, -1.17909631e-15,  1.11087963e-15,  2.39696981e-05,
       -1.67376928e-06, -1.45905759e-08,  7.76611803e-10]), array([-2.13433051e-12, -2.28963640e-12, -2.25567714e-13,  5.09797567e-11,
       -5.17404235e-11, -1.17909631e-15,  1.03591936e-15,  2.39696981e-05,
       -1.67376928e-06, -1.45905759e-08,  7.76611803e-10]), array([-2.23156847e-12, -2.21652107e-12, -2.17592943e-13,  4.71124945e-11,
       -5.72746569e-11, -1.17909631e-15,  9.57158011e-16,  2.39696981e-05,
       -1.67376928e-06, -1.45905759e-08,  7.76611803e-10]), array([-1.85702592e-12, -2.14395871e-12, -2.31813737e-13,  4.11641764e-11,
       -5.08305516e-11, -1.17909631e-15,  1.01882944e-15,  2.40385522e-05,
       -1.59024096e-06, -1.45905759e-08,  7.76611803e-10]), array([-2.11892728e-12, -1.85950714e-12, -2.32254933e-13,  5.13703113e-11,
       -5.22075167e-11, -1.17909631e-15,  1.02248697e-15,  2.39696981e-05,
       -1.67376928e-06, -1.45905759e-08,  7.76611803e-10])]
Mutated Children: [array([-2.15187379e-12, -2.25218103e-12, -2.42181453e-13,  4.78584092e-11,
       -5.37783967e-11, -1.17909631e-15,  1.01262310e-15,  2.55555472e-05,
       -1.67376928e-06, -1.39915443e-08,  7.87754309e-10]), array([-2.33237025e-12, -2.33773454e-12, -2.50811780e-13,  5.11443923e-11,
       -5.29982378e-11, -1.12758945e-15,  9.95175662e-16,  2.39696981e-05,
       -1.68684209e-06, -1.45905759e-08,  7.76124318e-10]), array([-2.12872558e-12, -1.85360367e-12, -2.31530479e-13,  4.77773118e-11,
       -5.21468789e-11, -1.17909631e-15,  9.81023212e-16,  2.41653460e-05,
       -1.69746871e-06, -1.45905759e-08,  7.76611803e-10]), array([-1.90043628e-12, -1.99114767e-12, -2.17177944e-13,  4.70400750e-11,
       -5.19374829e-11, -1.17909631e-15,  1.01865771e-15,  2.39696981e-05,
       -1.52444067e-06, -1.33545997e-08,  7.72555445e-10]), array([-2.08959302e-12, -2.00790050e-12, -2.47100478e-13,  4.93473776e-11,
       -5.21394738e-11, -1.13851552e-15,  9.97665734e-16,  2.39696981e-05,
       -1.67376928e-06, -1.45905759e-08,  7.76611803e-10]), array([-2.01237964e-12, -1.88298600e-12, -2.35078834e-13,  4.56637560e-11,
       -5.45965175e-11, -1.17909631e-15,  1.11087963e-15,  2.39696981e-05,
       -1.67376928e-06, -1.45905759e-08,  7.76611803e-10]), array([-2.13433051e-12, -2.28963640e-12, -2.25567714e-13,  5.09797567e-11,
       -5.17404235e-11, -1.17909631e-15,  1.03591936e-15,  2.39696981e-05,
       -1.67376928e-06, -1.45905759e-08,  7.76611803e-10]), array([-2.23156847e-12, -2.21652107e-12, -2.17592943e-13,  4.71124945e-11,
       -5.72746569e-11, -1.17909631e-15,  9.57158011e-16,  2.39696981e-05,
       -1.67376928e-06, -1.45905759e-08,  7.76611803e-10]), array([-1.85702592e-12, -2.14395871e-12, -2.31813737e-13,  4.11641764e-11,
       -5.08305516e-11, -1.17909631e-15,  1.01882944e-15,  2.40385522e-05,
       -1.59024096e-06, -1.45905759e-08,  7.76611803e-10]), array([-2.11892728e-12, -1.85950714e-12, -2.32254933e-13,  5.13703113e-11,
       -5.22075167e-11, -1.17909631e-15,  1.02248697e-15,  2.39696981e-05,
       -1.67376928e-06, -1.45905759e-08,  7.76611803e-10])]