Original Population: [[-2.19815312e-12 -2.02651244e-12 -2.34726987e-13  4.58554852e-11
  -5.62452346e-11 -1.17909631e-15  1.02501796e-15  2.39696981e-05
  -1.67376928e-06 -1.45905759e-08  7.76611803e-10]
 [-2.19804093e-12 -2.24653134e-12 -2.25057058e-13  4.80183404e-11
  -5.62894655e-11 -1.17909631e-15  1.02466383e-15  2.39696981e-05
  -1.67376928e-06 -1.45905759e-08  7.76611803e-10]
 [-2.17106935e-12 -2.05081997e-12 -2.09203903e-13  4.81434850e-11
  -5.96199904e-11 -1.17909631e-15  9.11088356e-16  2.39696981e-05
  -1.67376928e-06 -1.45905759e-08  7.76611803e-10]
 [-2.18957654e-12 -2.02492211e-12 -2.10470016e-13  4.81334903e-11
  -5.96267210e-11 -1.17909631e-15  9.97944153e-16  2.39696981e-05
  -1.67376928e-06 -1.45905759e-08  7.76611803e-10]
 [-2.18954884e-12 -2.02491044e-12 -2.10469474e-13  4.81335053e-11
  -5.96267109e-11 -1.17909631e-15  9.97957186e-16  2.39696981e-05
  -1.67376928e-06 -1.45905759e-08  7.76611803e-10]
 [-2.39859656e-12 -2.11298922e-12 -2.14558579e-13  4.80206108e-11
  -5.97027366e-11 -1.17909631e-15  8.99621761e-16  2.39696981e-05
  -1.67376928e-06 -1.45905759e-08  7.76611803e-10]
 [-2.39854026e-12 -2.11296551e-12 -2.24765618e-13  4.80206412e-11
  -5.97027161e-11 -1.17909631e-15  9.98224977e-16  2.39696981e-05
  -1.67376928e-06 -1.45905759e-08  7.76611803e-10]
 [-2.33747224e-12 -2.17899809e-12 -2.13762442e-13  4.80388799e-11
  -5.64316431e-11 -1.17909631e-15  9.01326622e-16  2.28499030e-05
  -1.64954694e-06 -1.45905759e-08  7.76611803e-10]
 [-2.19978764e-12 -2.35349601e-12 -2.28067240e-13  4.79945781e-11
  -5.56007896e-11 -1.17909631e-15  9.95206864e-16  2.39696981e-05
  -1.67376928e-06 -1.44279301e-08  7.76611803e-10]
 [-2.18782983e-12 -1.97919084e-12 -2.07459834e-13  4.81572527e-11
  -6.03153969e-11 -1.17909631e-15  1.00817554e-15  2.39696981e-05
  -1.74180934e-06 -1.49923232e-08  7.90371726e-10]
 [-2.18677626e-12 -2.02879779e-12 -2.13665473e-13  4.81350026e-11
  -6.35074336e-11 -1.17909631e-15  9.84923770e-16  2.29779461e-05
  -1.67376928e-06 -1.45905759e-08  7.76611803e-10]
 [-2.32902249e-12 -2.04693262e-12 -2.08760722e-13  4.96683802e-11
  -5.96209987e-11 -1.17909631e-15  9.24121772e-16  2.39696981e-05
  -1.67376928e-06 -1.45905759e-08  7.58511117e-10]
 [-2.20489825e-12 -2.06006333e-12 -2.10000040e-13  4.81252160e-11
  -5.96322931e-11 -1.17909631e-15  9.09383495e-16  2.39696981e-05
  -1.59669402e-06 -1.45905759e-08  7.18029375e-10]
 [-2.18886181e-12 -1.94018576e-12 -2.26163139e-13  4.81338763e-11
  -5.96264611e-11 -1.08313952e-15  9.94589839e-16  2.45524760e-05
  -1.67376928e-06 -1.37984269e-08  7.70628132e-10]
 [-2.02509824e-12 -2.02198498e-12 -2.10276684e-13  4.81350165e-11
  -5.96709519e-11 -1.17909631e-15  9.97590020e-16  2.27069924e-05
  -1.67376928e-06 -1.36499276e-08  8.27082583e-10]
 [-2.17178408e-12 -2.22542696e-12 -2.09252800e-13  4.81430990e-11
  -6.07611189e-11 -1.13630299e-15  9.58913898e-16  2.59419536e-05
  -1.77632054e-06 -1.45905759e-08  7.06481203e-10]]
Parents: [[-2.19815312e-12 -2.02651244e-12 -2.34726987e-13  4.58554852e-11
  -5.62452346e-11 -1.17909631e-15  1.02501796e-15  2.39696981e-05
  -1.67376928e-06 -1.45905759e-08  7.76611803e-10]
 [-2.19804093e-12 -2.24653134e-12 -2.25057058e-13  4.80183404e-11
  -5.62894655e-11 -1.17909631e-15  1.02466383e-15  2.39696981e-05
  -1.67376928e-06 -1.45905759e-08  7.76611803e-10]
 [-2.17106935e-12 -2.05081997e-12 -2.09203903e-13  4.81434850e-11
  -5.96199904e-11 -1.17909631e-15  9.11088356e-16  2.39696981e-05
  -1.67376928e-06 -1.45905759e-08  7.76611803e-10]
 [-2.18957654e-12 -2.02492211e-12 -2.10470016e-13  4.81334903e-11
  -5.96267210e-11 -1.17909631e-15  9.97944153e-16  2.39696981e-05
  -1.67376928e-06 -1.45905759e-08  7.76611803e-10]
 [-2.18954884e-12 -2.02491044e-12 -2.10469474e-13  4.81335053e-11
  -5.96267109e-11 -1.17909631e-15  9.97957186e-16  2.39696981e-05
  -1.67376928e-06 -1.45905759e-08  7.76611803e-10]
 [-2.39859656e-12 -2.11298922e-12 -2.14558579e-13  4.80206108e-11
  -5.97027366e-11 -1.17909631e-15  8.99621761e-16  2.39696981e-05
  -1.67376928e-06 -1.45905759e-08  7.76611803e-10]]
Crossover Children: [array([-2.10628338e-12, -2.06450697e-12, -2.14785526e-13,  4.99800012e-11,
       -5.61986564e-11, -1.17909631e-15,  1.04178206e-15,  2.30587448e-05,
       -1.70382156e-06, -1.33383192e-08,  7.19442594e-10]), array([-2.18945841e-12, -1.99553175e-12, -2.10135889e-13,  4.81648687e-11,
       -5.58154899e-11, -1.17909631e-15,  1.06150170e-15,  2.49037553e-05,
       -1.67376928e-06, -1.45905759e-08,  7.76611803e-10]), array([-2.02865877e-12, -1.96274491e-12, -2.11356078e-13,  4.79505547e-11,
       -5.91135204e-11, -1.20340282e-15,  9.20695206e-16,  2.19752336e-05,
       -1.68269811e-06, -1.45905759e-08,  7.76611803e-10]), array([-2.19586934e-12, -2.02856211e-12, -2.32574812e-13,  4.60484155e-11,
       -5.65298031e-11, -1.13127911e-15,  1.01541111e-15,  2.39696981e-05,
       -1.74680353e-06, -1.42793251e-08,  7.72899989e-10]), array([-2.37472396e-12, -2.29135448e-12, -2.26498570e-13,  4.80069611e-11,
       -5.10873283e-11, -1.19524020e-15,  1.03499114e-15,  2.39696981e-05,
       -1.67376928e-06, -1.35363021e-08,  7.76611803e-10]), array([-2.16861685e-12, -2.02317806e-12, -2.20218874e-13,  4.81548643e-11,
       -6.33789433e-11, -1.21694003e-15,  9.00761050e-16,  2.39696981e-05,
       -1.67376928e-06, -1.51164688e-08,  8.43625519e-10]), array([-2.19791278e-12, -2.02646787e-12, -2.34047231e-13,  4.59193221e-11,
       -5.25092485e-11, -1.17909631e-15,  9.57499737e-16,  2.39696981e-05,
       -1.67376928e-06, -1.45905759e-08,  7.76611803e-10]), array([-2.18981689e-12, -2.17353522e-12, -2.11149772e-13,  4.80696535e-11,
       -5.95319612e-11, -1.17909631e-15,  1.08946222e-15,  2.39696981e-05,
       -1.61207784e-06, -1.45905759e-08,  7.65840851e-10]), array([-2.18919333e-12, -1.96336849e-12, -2.10443799e-13,  5.12254487e-11,
       -5.96265816e-11, -1.13850455e-15,  9.91813157e-16,  2.39696981e-05,
       -1.67376928e-06, -1.45374890e-08,  7.81745357e-10]), array([-2.10730700e-12, -2.05028372e-12, -2.23990603e-13,  4.81432780e-11,
       -5.96201297e-11, -1.17909631e-15,  9.12886815e-16,  2.39696981e-05,
       -1.67376928e-06, -1.57164068e-08,  7.00246321e-10])]
Mutated Children: [array([-2.10628338e-12, -2.06450697e-12, -2.14785526e-13,  4.99800012e-11,
       -5.61986564e-11, -1.17909631e-15,  1.04178206e-15,  2.30587448e-05,
       -1.70382156e-06, -1.33383192e-08,  7.19442594e-10]), array([-2.18945841e-12, -1.99553175e-12, -2.10135889e-13,  4.81648687e-11,
       -5.58154899e-11, -1.17909631e-15,  1.06150170e-15,  2.49037553e-05,
       -1.67376928e-06, -1.45905759e-08,  7.76611803e-10]), array([-2.02865877e-12, -1.96274491e-12, -2.11356078e-13,  4.79505547e-11,
       -5.91135204e-11, -1.20340282e-15,  9.20695206e-16,  2.19752336e-05,
       -1.68269811e-06, -1.45905759e-08,  7.76611803e-10]), array([-2.19586934e-12, -2.02856211e-12, -2.32574812e-13,  4.60484155e-11,
       -5.65298031e-11, -1.13127911e-15,  1.01541111e-15,  2.39696981e-05,
       -1.74680353e-06, -1.42793251e-08,  7.72899989e-10]), array([-2.37472396e-12, -2.29135448e-12, -2.26498570e-13,  4.80069611e-11,
       -5.10873283e-11, -1.19524020e-15,  1.03499114e-15,  2.39696981e-05,
       -1.67376928e-06, -1.35363021e-08,  7.76611803e-10]), array([-2.16861685e-12, -2.02317806e-12, -2.20218874e-13,  4.81548643e-11,
       -6.33789433e-11, -1.21694003e-15,  9.00761050e-16,  2.39696981e-05,
       -1.67376928e-06, -1.51164688e-08,  8.43625519e-10]), array([-2.19791278e-12, -2.02646787e-12, -2.34047231e-13,  4.59193221e-11,
       -5.25092485e-11, -1.17909631e-15,  9.57499737e-16,  2.39696981e-05,
       -1.67376928e-06, -1.45905759e-08,  7.76611803e-10]), array([-2.18981689e-12, -2.17353522e-12, -2.11149772e-13,  4.80696535e-11,
       -5.95319612e-11, -1.17909631e-15,  1.08946222e-15,  2.39696981e-05,
       -1.61207784e-06, -1.45905759e-08,  7.65840851e-10]), array([-2.18919333e-12, -1.96336849e-12, -2.10443799e-13,  5.12254487e-11,
       -5.96265816e-11, -1.13850455e-15,  9.91813157e-16,  2.39696981e-05,
       -1.67376928e-06, -1.45374890e-08,  7.81745357e-10]), array([-2.10730700e-12, -2.05028372e-12, -2.23990603e-13,  4.81432780e-11,
       -5.96201297e-11, -1.17909631e-15,  9.12886815e-16,  2.39696981e-05,
       -1.67376928e-06, -1.57164068e-08,  7.00246321e-10])]