Original Population: [[-2.32085985e-12 -2.28730063e-12 -2.44135331e-13  5.09348425e-11
  -5.17472472e-11 -1.17909631e-15  9.95659908e-16  2.39696981e-05
  -1.67376928e-06 -1.45905759e-08  7.76611803e-10]
 [-2.10968555e-12 -1.86507526e-12 -2.32259400e-13  4.74405481e-11
  -5.22647101e-11 -1.17909631e-15  1.02232500e-15  2.39696981e-05
  -1.67376928e-06 -1.45905759e-08  7.76611803e-10]
 [-2.11417713e-12 -1.97965067e-12 -2.32350417e-13  4.73631037e-11
  -5.22771594e-11 -1.17909631e-15  1.01902480e-15  2.39696981e-05
  -1.67376928e-06 -1.45905759e-08  7.76611803e-10]
 [-2.19791278e-12 -2.02646787e-12 -2.34047231e-13  4.59193221e-11
  -5.25092485e-11 -1.17909631e-15  9.57499737e-16  2.39696981e-05
  -1.67376928e-06 -1.45905759e-08  7.76611803e-10]
 [-1.91947631e-12 -1.97967607e-12 -2.32351338e-13  4.40762910e-11
  -5.34418397e-11 -1.17909631e-15  1.01899141e-15  2.39696981e-05
  -1.67376928e-06 -1.45905759e-08  7.76611803e-10]
 [-2.16338420e-12 -2.25457319e-12 -2.42314540e-13  4.80679589e-11
  -5.36400459e-11 -1.17909631e-15  1.00228495e-15  2.39696981e-05
  -1.67376928e-06 -1.45905759e-08  7.76611803e-10]
 [-2.19744753e-12 -2.18349161e-12 -2.34062055e-13  4.81537443e-11
  -5.36851935e-11 -1.17909631e-15  9.52913749e-16  2.39696981e-05
  -1.67376928e-06 -1.45905759e-08  7.76611803e-10]
 [-2.19681677e-12 -2.02585509e-12 -2.34025021e-13  4.59382195e-11
  -4.97453653e-11 -1.17909631e-15  8.78035587e-16  2.39696981e-05
  -1.67376928e-06 -1.48465049e-08  7.76611803e-10]
 [-1.91996181e-12 -1.98246192e-12 -2.32458105e-13  4.73957416e-11
  -5.31539828e-11 -1.17909631e-15  9.83190101e-16  2.41958528e-05
  -1.65035299e-06 -1.55337945e-08  7.76611803e-10]
 [-2.31121372e-12 -2.09394481e-12 -2.57586336e-13  5.07592323e-11
  -5.18631901e-11 -1.25171001e-15  9.96065723e-16  2.39696981e-05
  -1.67376928e-06 -1.54258644e-08  7.76611803e-10]
 [-2.19077734e-12 -2.09538337e-12 -2.32479272e-13  4.94319635e-11
  -5.22713654e-11 -1.17909631e-15  1.01876933e-15  2.39696981e-05
  -1.65114204e-06 -1.45905759e-08  7.76611803e-10]
 [-2.42213175e-12 -2.30970350e-12 -2.44027643e-13  5.09022046e-11
  -5.17520895e-11 -1.17909631e-15  9.25636727e-16  2.39696981e-05
  -1.80436401e-06 -1.43543112e-08  7.76611803e-10]
 [-2.08650909e-12 -2.02897914e-12 -2.47218040e-13  4.76285908e-11
  -5.77631949e-11 -1.17909631e-15  1.00854981e-15  2.39696981e-05
  -1.67376928e-06 -1.35071694e-08  7.76611803e-10]
 [-2.11527313e-12 -1.85827476e-12 -2.35692054e-13  4.73442062e-11
  -4.73268077e-11 -1.17909631e-15  1.06371858e-15  2.39696981e-05
  -1.67376928e-06 -1.45905759e-08  7.08931423e-10]
 [-2.17303033e-12 -2.25657790e-12 -2.32471547e-13  4.91076699e-11
  -5.35241030e-11 -1.17909631e-15  1.09039957e-15  2.39696981e-05
  -1.67376928e-06 -1.45905759e-08  7.06161022e-10]
 [-2.31859999e-12 -2.28393680e-12 -2.44006476e-13  5.12000764e-11
  -4.91894889e-11 -1.17909631e-15  9.22647332e-16  2.20089613e-05
  -1.52323465e-06 -1.32688061e-08  7.76611803e-10]]
Parents: [[-2.32085985e-12 -2.28730063e-12 -2.44135331e-13  5.09348425e-11
  -5.17472472e-11 -1.17909631e-15  9.95659908e-16  2.39696981e-05
  -1.67376928e-06 -1.45905759e-08  7.76611803e-10]
 [-2.10968555e-12 -1.86507526e-12 -2.32259400e-13  4.74405481e-11
  -5.22647101e-11 -1.17909631e-15  1.02232500e-15  2.39696981e-05
  -1.67376928e-06 -1.45905759e-08  7.76611803e-10]
 [-2.11417713e-12 -1.97965067e-12 -2.32350417e-13  4.73631037e-11
  -5.22771594e-11 -1.17909631e-15  1.01902480e-15  2.39696981e-05
  -1.67376928e-06 -1.45905759e-08  7.76611803e-10]
 [-2.19791278e-12 -2.02646787e-12 -2.34047231e-13  4.59193221e-11
  -5.25092485e-11 -1.17909631e-15  9.57499737e-16  2.39696981e-05
  -1.67376928e-06 -1.45905759e-08  7.76611803e-10]
 [-1.91947631e-12 -1.97967607e-12 -2.32351338e-13  4.40762910e-11
  -5.34418397e-11 -1.17909631e-15  1.01899141e-15  2.39696981e-05
  -1.67376928e-06 -1.45905759e-08  7.76611803e-10]
 [-2.16338420e-12 -2.25457319e-12 -2.42314540e-13  4.80679589e-11
  -5.36400459e-11 -1.17909631e-15  1.00228495e-15  2.39696981e-05
  -1.67376928e-06 -1.45905759e-08  7.76611803e-10]]
Crossover Children: [array([-1.89684704e-12, -1.97181691e-12, -2.32066495e-13,  4.88895233e-11,
       -5.42004336e-11, -1.17500028e-15,  1.08773286e-15,  2.39696981e-05,
       -1.67376928e-06, -1.50400959e-08,  7.76611803e-10]), array([-2.21192396e-12, -2.02268660e-12, -2.34331153e-13,  4.56777393e-11,
       -5.25480832e-11, -1.06254139e-15,  9.47204970e-16,  2.50213152e-05,
       -1.67376928e-06, -1.56770360e-08,  7.76611803e-10]), array([-2.29988365e-12, -2.25607727e-12, -2.29169345e-13,  5.05723472e-11,
       -5.18010279e-11, -1.08165385e-15,  9.98031207e-16,  2.46824608e-05,
       -1.55390291e-06, -1.45905759e-08,  7.76611803e-10]), array([-2.06684921e-12, -2.01087402e-12, -2.33546466e-13,  5.00041106e-11,
       -5.22233787e-11, -1.17909631e-15,  1.01665350e-15,  2.47561605e-05,
       -1.69945076e-06, -1.45905759e-08,  7.76611803e-10]), array([-2.39101451e-12, -2.01310851e-12, -2.23331548e-13,  4.27055400e-11,
       -5.25482768e-11, -1.17909631e-15,  1.01954918e-15,  2.57897813e-05,
       -1.65929548e-06, -1.45905759e-08,  7.00915291e-10]), array([-2.32715697e-12, -2.18503366e-12, -2.44652025e-13,  5.11917280e-11,
       -5.01620443e-11, -1.17909631e-15,  9.97614400e-16,  2.39696981e-05,
       -1.67376928e-06, -1.50220898e-08,  8.14060780e-10]), array([-1.94162202e-12, -1.96633331e-12, -2.53228330e-13,  4.47549361e-11,
       -5.33047887e-11, -1.06772128e-15,  9.24916041e-16,  2.23130864e-05,
       -1.67376928e-06, -1.33550562e-08,  7.76611803e-10]), array([-2.08753983e-12, -1.94135736e-12, -2.31769690e-13,  4.70488538e-11,
       -5.24017612e-11, -1.10117030e-15,  1.02193688e-15,  2.56172246e-05,
       -1.80070264e-06, -1.45905759e-08,  7.59357491e-10]), array([-1.91493888e-12, -1.98240987e-12, -2.32353531e-13,  4.39960368e-11,
       -5.34699201e-11, -1.11390952e-15,  1.03426315e-15,  2.48105774e-05,
       -1.75749563e-06, -1.45905759e-08,  8.23907865e-10]), array([-2.11422298e-12, -1.74993420e-12, -2.32257206e-13,  4.66418107e-11,
       -5.22366298e-11, -1.17909631e-15,  1.10648482e-15,  2.39696981e-05,
       -1.67376928e-06, -1.44507622e-08,  7.29706375e-10])]
Mutated Children: [array([-1.89684704e-12, -1.97181691e-12, -2.32066495e-13,  4.88895233e-11,
       -5.42004336e-11, -1.17500028e-15,  1.08773286e-15,  2.39696981e-05,
       -1.67376928e-06, -1.50400959e-08,  7.76611803e-10]), array([-2.21192396e-12, -2.02268660e-12, -2.34331153e-13,  4.56777393e-11,
       -5.25480832e-11, -1.06254139e-15,  9.47204970e-16,  2.50213152e-05,
       -1.67376928e-06, -1.56770360e-08,  7.76611803e-10]), array([-2.29988365e-12, -2.25607727e-12, -2.29169345e-13,  5.05723472e-11,
       -5.18010279e-11, -1.08165385e-15,  9.98031207e-16,  2.46824608e-05,
       -1.55390291e-06, -1.45905759e-08,  7.76611803e-10]), array([-2.06684921e-12, -2.01087402e-12, -2.33546466e-13,  5.00041106e-11,
       -5.22233787e-11, -1.17909631e-15,  1.01665350e-15,  2.47561605e-05,
       -1.69945076e-06, -1.45905759e-08,  7.76611803e-10]), array([-2.39101451e-12, -2.01310851e-12, -2.23331548e-13,  4.27055400e-11,
       -5.25482768e-11, -1.17909631e-15,  1.01954918e-15,  2.57897813e-05,
       -1.65929548e-06, -1.45905759e-08,  7.00915291e-10]), array([-2.32715697e-12, -2.18503366e-12, -2.44652025e-13,  5.11917280e-11,
       -5.01620443e-11, -1.17909631e-15,  9.97614400e-16,  2.39696981e-05,
       -1.67376928e-06, -1.50220898e-08,  8.14060780e-10]), array([-1.94162202e-12, -1.96633331e-12, -2.53228330e-13,  4.47549361e-11,
       -5.33047887e-11, -1.06772128e-15,  9.24916041e-16,  2.23130864e-05,
       -1.67376928e-06, -1.33550562e-08,  7.76611803e-10]), array([-2.08753983e-12, -1.94135736e-12, -2.31769690e-13,  4.70488538e-11,
       -5.24017612e-11, -1.10117030e-15,  1.02193688e-15,  2.56172246e-05,
       -1.80070264e-06, -1.45905759e-08,  7.59357491e-10]), array([-1.91493888e-12, -1.98240987e-12, -2.32353531e-13,  4.39960368e-11,
       -5.34699201e-11, -1.11390952e-15,  1.03426315e-15,  2.48105774e-05,
       -1.75749563e-06, -1.45905759e-08,  8.23907865e-10]), array([-2.11422298e-12, -1.74993420e-12, -2.32257206e-13,  4.66418107e-11,
       -5.22366298e-11, -1.17909631e-15,  1.10648482e-15,  2.39696981e-05,
       -1.67376928e-06, -1.44507622e-08,  7.29706375e-10])]