Original Population: [[-2.19676844e-12 -2.02755781e-12 -2.11552611e-13  4.81334749e-11
  -6.71443456e-11 -1.17909631e-15  1.06861786e-15  2.39696981e-05
  -1.67376928e-06 -1.45905759e-08  7.76611803e-10]
 [-2.20208151e-12 -2.02805561e-12 -2.12500089e-13  4.81334605e-11
  -7.07127610e-11 -1.17909631e-15  1.06139930e-15  2.39696981e-05
  -1.67376928e-06 -1.45905759e-08  7.76611803e-10]
 [-2.10137186e-12 -2.02891319e-12 -2.32748180e-13  4.81334356e-11
  -7.11022154e-11 -1.17909631e-15  1.10051367e-15  2.39696981e-05
  -1.67376928e-06 -1.45905759e-08  7.76611803e-10]
 [-2.22151551e-12 -2.03663234e-12 -2.15265346e-13  4.81333709e-11
  -7.23968679e-11 -1.17909631e-15  9.81120007e-16  2.39696981e-05
  -1.67376928e-06 -1.45905759e-08  7.76611803e-10]
 [-2.22912281e-12 -2.03058923e-12 -2.17322362e-13  4.81333870e-11
  -7.28685502e-11 -1.17909631e-15  1.02465981e-15  2.39696981e-05
  -1.67376928e-06 -1.45905759e-08  7.76611803e-10]
 [-2.19855126e-12 -2.03428705e-12 -2.17677540e-13  4.81333771e-11
  -7.29578101e-11 -1.17909631e-15  1.03581942e-15  2.39696981e-05
  -1.67376928e-06 -1.45905759e-08  7.76611803e-10]
 [-2.29622036e-12 -2.02698286e-12 -2.12834777e-13  4.79801101e-11
  -7.42941382e-11 -1.17909631e-15  1.12361472e-15  2.39696981e-05
  -1.67376928e-06 -1.45905759e-08  7.76611803e-10]
 [-2.22022955e-12 -1.99778349e-12 -2.01249145e-13  5.17224347e-11
  -7.22854292e-11 -1.09712334e-15  1.00362098e-15  2.39696981e-05
  -1.67376928e-06 -1.45905759e-08  7.76611803e-10]
 [-2.23443588e-12 -1.92108052e-12 -2.18269840e-13  4.81333726e-11
  -7.32921188e-11 -1.08822365e-15  1.01744125e-15  2.39147247e-05
  -1.67376928e-06 -1.59494996e-08  7.76611803e-10]
 [-2.36251805e-12 -2.15009569e-12 -2.12102666e-13  4.56729295e-11
  -7.45267108e-11 -1.23520494e-15  1.23297383e-15  2.26693721e-05
  -1.67376928e-06 -1.45905759e-08  7.99186672e-10]
 [-2.21817642e-12 -2.03117758e-12 -1.99240649e-13  4.81583928e-11
  -7.26359777e-11 -1.17909631e-15  1.00851616e-15  2.39696981e-05
  -1.67376928e-06 -1.39226693e-08  7.76611803e-10]
 [-2.09580506e-12 -2.04741868e-12 -2.33867407e-13  5.13164226e-11
  -7.29513415e-11 -1.17909631e-15  1.10267574e-15  2.55507170e-05
  -1.67376928e-06 -1.45905759e-08  7.76611803e-10]
 [-2.21964136e-12 -1.93179594e-12 -2.04639114e-13  4.81334010e-11
  -6.73931385e-11 -1.17909631e-15  1.03167638e-15  2.39696981e-05
  -1.67376928e-06 -1.32754322e-08  7.76611803e-10]
 [-2.20724590e-12 -2.02853949e-12 -2.02673325e-13  4.81334465e-11
  -7.11244774e-11 -1.17909631e-15  1.05438273e-15  2.59183272e-05
  -1.67376928e-06 -1.39529193e-08  7.76611803e-10]
 [-2.20764830e-12 -2.02800821e-12 -2.17066624e-13  4.41254725e-11
  -7.06912336e-11 -1.18728223e-15  1.05923723e-15  2.39696981e-05
  -1.83420410e-06 -1.46072352e-08  7.76611803e-10]
 [-2.20336747e-12 -2.06107619e-12 -2.12683068e-13  4.81334546e-11
  -7.08241997e-11 -1.21718642e-15  1.04361138e-15  2.39696981e-05
  -1.67376928e-06 -1.34037247e-08  7.97857269e-10]]
Parents: [[-2.19676844e-12 -2.02755781e-12 -2.11552611e-13  4.81334749e-11
  -6.71443456e-11 -1.17909631e-15  1.06861786e-15  2.39696981e-05
  -1.67376928e-06 -1.45905759e-08  7.76611803e-10]
 [-2.20208151e-12 -2.02805561e-12 -2.12500089e-13  4.81334605e-11
  -7.07127610e-11 -1.17909631e-15  1.06139930e-15  2.39696981e-05
  -1.67376928e-06 -1.45905759e-08  7.76611803e-10]
 [-2.10137186e-12 -2.02891319e-12 -2.32748180e-13  4.81334356e-11
  -7.11022154e-11 -1.17909631e-15  1.10051367e-15  2.39696981e-05
  -1.67376928e-06 -1.45905759e-08  7.76611803e-10]
 [-2.22151551e-12 -2.03663234e-12 -2.15265346e-13  4.81333709e-11
  -7.23968679e-11 -1.17909631e-15  9.81120007e-16  2.39696981e-05
  -1.67376928e-06 -1.45905759e-08  7.76611803e-10]
 [-2.22912281e-12 -2.03058923e-12 -2.17322362e-13  4.81333870e-11
  -7.28685502e-11 -1.17909631e-15  1.02465981e-15  2.39696981e-05
  -1.67376928e-06 -1.45905759e-08  7.76611803e-10]
 [-2.19855126e-12 -2.03428705e-12 -2.17677540e-13  4.81333771e-11
  -7.29578101e-11 -1.17909631e-15  1.03581942e-15  2.39696981e-05
  -1.67376928e-06 -1.45905759e-08  7.76611803e-10]]
Crossover Children: [array([-2.18954884e-12, -2.02491044e-12, -2.10469474e-13,  4.81335053e-11,
       -5.96267109e-11, -1.17909631e-15,  9.97957186e-16,  2.39696981e-05,
       -1.67376928e-06, -1.45905759e-08,  7.76611803e-10]), array([-2.22873511e-12, -2.03927971e-12, -2.31331368e-13,  4.81333405e-11,
       -6.82238929e-11, -1.18032929e-15,  8.68094311e-16,  2.39696981e-05,
       -1.81108831e-06, -1.53375567e-08,  7.76611803e-10]), array([-2.19716776e-12, -2.02906504e-12, -2.06534430e-13,  4.81334530e-11,
       -6.68713264e-11, -1.17909631e-15,  1.04205477e-15,  2.39696981e-05,
       -1.83378454e-06, -1.45905759e-08,  7.76611803e-10]), array([-2.12599721e-12, -2.07459724e-12, -2.16305661e-13,  4.81333990e-11,
       -7.19720614e-11, -1.17909631e-15,  1.04316571e-15,  2.39696981e-05,
       -1.51402759e-06, -1.39265595e-08,  7.31959503e-10]), array([-2.19861398e-12, -2.02753159e-12, -2.05489777e-13,  5.09884506e-11,
       -6.79233233e-11, -1.12148980e-15,  1.06800081e-15,  2.39696981e-05,
       -1.67376928e-06, -1.45015066e-08,  7.76611803e-10]), array([-2.04418426e-12, -2.02893941e-12, -2.45497899e-13,  4.81334349e-11,
       -7.11787842e-11, -1.17909631e-15,  1.10113072e-15,  2.39696981e-05,
       -1.67376928e-06, -1.45905759e-08,  7.76611803e-10]), array([-2.10343683e-12, -2.02888385e-12, -2.32289377e-13,  4.81334365e-11,
       -6.60142153e-11, -1.17909631e-15,  1.09982324e-15,  2.26260545e-05,
       -1.66948108e-06, -1.45905759e-08,  7.76611803e-10]), array([-2.19470347e-12, -2.02758715e-12, -2.16952762e-13,  4.81334741e-11,
       -6.72300183e-11, -1.17909631e-15,  1.06930829e-15,  2.56667798e-05,
       -1.53892573e-06, -1.44985532e-08,  7.68464131e-10]), array([-2.22054299e-12, -2.03627573e-12, -2.15119441e-13,  4.81333750e-11,
       -7.92140665e-11, -1.17909631e-15,  9.84558528e-16,  2.62055034e-05,
       -1.67376928e-06, -1.45905759e-08,  7.76611803e-10]), array([-2.19774096e-12, -1.99219541e-12, -2.11698515e-13,  4.81334708e-11,
       -6.73507610e-11, -1.17909631e-15,  1.06517934e-15,  2.16484080e-05,
       -1.56061136e-06, -1.45905759e-08,  7.76611803e-10])]
Mutated Children: [array([-2.18954884e-12, -2.02491044e-12, -2.10469474e-13,  4.81335053e-11,
       -5.96267109e-11, -1.17909631e-15,  9.97957186e-16,  2.39696981e-05,
       -1.67376928e-06, -1.45905759e-08,  7.76611803e-10]), array([-2.22873511e-12, -2.03927971e-12, -2.31331368e-13,  4.81333405e-11,
       -6.82238929e-11, -1.18032929e-15,  8.68094311e-16,  2.39696981e-05,
       -1.81108831e-06, -1.53375567e-08,  7.76611803e-10]), array([-2.19716776e-12, -2.02906504e-12, -2.06534430e-13,  4.81334530e-11,
       -6.68713264e-11, -1.17909631e-15,  1.04205477e-15,  2.39696981e-05,
       -1.83378454e-06, -1.45905759e-08,  7.76611803e-10]), array([-2.12599721e-12, -2.07459724e-12, -2.16305661e-13,  4.81333990e-11,
       -7.19720614e-11, -1.17909631e-15,  1.04316571e-15,  2.39696981e-05,
       -1.51402759e-06, -1.39265595e-08,  7.31959503e-10]), array([-2.19861398e-12, -2.02753159e-12, -2.05489777e-13,  5.09884506e-11,
       -6.79233233e-11, -1.12148980e-15,  1.06800081e-15,  2.39696981e-05,
       -1.67376928e-06, -1.45015066e-08,  7.76611803e-10]), array([-2.04418426e-12, -2.02893941e-12, -2.45497899e-13,  4.81334349e-11,
       -7.11787842e-11, -1.17909631e-15,  1.10113072e-15,  2.39696981e-05,
       -1.67376928e-06, -1.45905759e-08,  7.76611803e-10]), array([-2.10343683e-12, -2.02888385e-12, -2.32289377e-13,  4.81334365e-11,
       -6.60142153e-11, -1.17909631e-15,  1.09982324e-15,  2.26260545e-05,
       -1.66948108e-06, -1.45905759e-08,  7.76611803e-10]), array([-2.19470347e-12, -2.02758715e-12, -2.16952762e-13,  4.81334741e-11,
       -6.72300183e-11, -1.17909631e-15,  1.06930829e-15,  2.56667798e-05,
       -1.53892573e-06, -1.44985532e-08,  7.68464131e-10]), array([-2.22054299e-12, -2.03627573e-12, -2.15119441e-13,  4.81333750e-11,
       -7.92140665e-11, -1.17909631e-15,  9.84558528e-16,  2.62055034e-05,
       -1.67376928e-06, -1.45905759e-08,  7.76611803e-10]), array([-2.19774096e-12, -1.99219541e-12, -2.11698515e-13,  4.81334708e-11,
       -6.73507610e-11, -1.17909631e-15,  1.06517934e-15,  2.16484080e-05,
       -1.56061136e-06, -1.45905759e-08,  7.76611803e-10])]