Original Population: [[-2.40609561e-12 -2.00918326e-12 -2.15266301e-13  4.81334442e-11
  -7.89620776e-11 -1.17909631e-15  9.60058964e-16  2.39696981e-05
  -1.67376928e-06 -1.45905759e-08  7.76611803e-10]
 [-2.41502141e-12 -2.04800687e-12 -2.15258974e-13  4.81328817e-11
  -7.92972169e-11 -1.17909631e-15  8.78603592e-16  2.39696981e-05
  -1.67376928e-06 -1.45905759e-08  7.76611803e-10]
 [-2.41662611e-12 -2.00073004e-12 -2.15264041e-13  4.81332707e-11
  -7.93620218e-11 -1.17909631e-15  9.60123331e-16  2.39696981e-05
  -1.67376928e-06 -1.45905759e-08  7.76611803e-10]
 [-2.43416468e-12 -1.99205461e-12 -2.15319419e-13  4.81375216e-11
  -8.00703113e-11 -1.17909631e-15  9.58546034e-16  2.39696981e-05
  -1.67376928e-06 -1.45905759e-08  7.76611803e-10]
 [-2.63556629e-12 -1.82497834e-12 -2.15217055e-13  4.81296640e-11
  -8.76772911e-11 -1.17909631e-15  9.61461595e-16  2.39696981e-05
  -1.67376928e-06 -1.45905759e-08  7.76611803e-10]
 [-2.62495757e-12 -1.89767930e-12 -2.15921847e-13  4.81837655e-11
  -8.77754180e-11 -1.17909631e-15  9.41387453e-16  2.39696981e-05
  -1.67376928e-06 -1.45905759e-08  7.76611803e-10]
 [-2.41802807e-12 -1.87558382e-12 -2.15263740e-13  5.03166659e-11
  -8.06577303e-11 -1.17909631e-15  9.60131901e-16  2.23906622e-05
  -1.67376928e-06 -1.52826738e-08  7.76611803e-10]
 [-2.66219235e-12 -1.74331925e-12 -2.15211994e-13  5.25653088e-11
  -8.86890052e-11 -1.25295002e-15  9.38020546e-16  2.39696981e-05
  -1.60696686e-06 -1.45905759e-08  7.42942884e-10]
 [-2.50861028e-12 -2.07493278e-12 -2.04576736e-13  4.81332702e-11
  -7.67197187e-11 -1.17909631e-15  9.19960824e-16  2.29581957e-05
  -1.67376928e-06 -1.56525059e-08  7.89638666e-10]
 [-2.60755009e-12 -1.84821968e-12 -2.15231294e-13  4.81307570e-11
  -8.66191135e-11 -1.17909631e-15  8.92806863e-16  2.39696981e-05
  -1.66954230e-06 -1.40469455e-08  7.76611803e-10]
 [-2.51303526e-12 -1.88079650e-12 -2.16372865e-13  4.81375539e-11
  -8.00756796e-11 -1.17909631e-15  8.80834700e-16  2.47171407e-05
  -1.67376928e-06 -1.40360460e-08  7.76611803e-10]
 [-2.41355705e-12 -2.04163746e-12 -2.15260176e-13  4.98898772e-11
  -7.92422339e-11 -1.11463563e-15  8.91967180e-16  2.38537123e-05
  -1.67376928e-06 -1.45905759e-08  7.21758791e-10]
 [-2.40469365e-12 -2.01030867e-12 -2.15266601e-13  4.81334673e-11
  -7.89088316e-11 -1.17909631e-15  1.02686182e-15  2.30443714e-05
  -1.67376928e-06 -1.32204716e-08  7.76611803e-10]
 [-2.34693977e-12 -1.96881328e-12 -2.00869730e-13  5.23805793e-11
  -8.11284890e-11 -1.17909631e-15  9.58951607e-16  2.39696981e-05
  -1.71606035e-06 -1.45905759e-08  7.31245439e-10]
 [-2.40755998e-12 -2.06812008e-12 -2.23410736e-13  4.81333519e-11
  -8.16666170e-11 -1.16097019e-15  9.46695376e-16  2.39696981e-05
  -1.59169853e-06 -1.45905759e-08  7.76611803e-10]
 [-2.41649318e-12 -2.00079579e-12 -2.15263621e-13  4.81332385e-11
  -7.93566536e-11 -1.17909631e-15  1.01188766e-15  2.40961618e-05
  -1.81351450e-06 -1.45905759e-08  7.07294965e-10]]
Parents: [[-2.40609561e-12 -2.00918326e-12 -2.15266301e-13  4.81334442e-11
  -7.89620776e-11 -1.17909631e-15  9.60058964e-16  2.39696981e-05
  -1.67376928e-06 -1.45905759e-08  7.76611803e-10]
 [-2.41502141e-12 -2.04800687e-12 -2.15258974e-13  4.81328817e-11
  -7.92972169e-11 -1.17909631e-15  8.78603592e-16  2.39696981e-05
  -1.67376928e-06 -1.45905759e-08  7.76611803e-10]
 [-2.41662611e-12 -2.00073004e-12 -2.15264041e-13  4.81332707e-11
  -7.93620218e-11 -1.17909631e-15  9.60123331e-16  2.39696981e-05
  -1.67376928e-06 -1.45905759e-08  7.76611803e-10]
 [-2.43416468e-12 -1.99205461e-12 -2.15319419e-13  4.81375216e-11
  -8.00703113e-11 -1.17909631e-15  9.58546034e-16  2.39696981e-05
  -1.67376928e-06 -1.45905759e-08  7.76611803e-10]
 [-2.63556629e-12 -1.82497834e-12 -2.15217055e-13  4.81296640e-11
  -8.76772911e-11 -1.17909631e-15  9.61461595e-16  2.39696981e-05
  -1.67376928e-06 -1.45905759e-08  7.76611803e-10]
 [-2.62495757e-12 -1.89767930e-12 -2.15921847e-13  4.81837655e-11
  -8.77754180e-11 -1.17909631e-15  9.41387453e-16  2.39696981e-05
  -1.67376928e-06 -1.45905759e-08  7.76611803e-10]]
Crossover Children: [array([-2.43701270e-12, -1.98436494e-12, -2.15259666e-13,  4.53991535e-11,
       -8.01362972e-11, -1.17909631e-15,  9.60247944e-16,  2.39696981e-05,
       -1.51423862e-06, -1.43508839e-08,  8.08441699e-10]), array([-2.48345438e-12, -1.84979667e-12, -1.95181634e-13,  4.62244390e-11,
       -8.65030715e-11, -1.23755720e-15,  9.61272616e-16,  2.23830692e-05,
       -1.67376928e-06, -1.40356911e-08,  7.76611803e-10]), array([-2.24008271e-12, -2.00643093e-12, -2.15266820e-13,  4.81334840e-11,
       -7.89383184e-11, -1.17909631e-15,  9.65833613e-16,  2.39696981e-05,
       -1.67376928e-06, -1.45905759e-08,  7.58526616e-10]), array([-2.45781156e-12, -2.05075921e-12, -2.10688741e-13,  4.81328419e-11,
       -7.93209761e-11, -1.10795057e-15,  7.88339431e-16,  2.39696981e-05,
       -1.67376928e-06, -1.45905759e-08,  7.76611803e-10]), array([-2.41460810e-12, -2.06018376e-12, -2.15257669e-13,  5.25803133e-11,
       -7.92805254e-11, -1.17909631e-15,  8.63579341e-16,  2.39696981e-05,
       -1.67376928e-06, -1.45905759e-08,  7.76611803e-10]), array([-2.22151551e-12, -2.03663234e-12, -2.15265346e-13,  4.81333709e-11,
       -7.23968679e-11, -1.17909631e-15,  9.81120007e-16,  2.39696981e-05,
       -1.67376928e-06, -1.45905759e-08,  7.76611803e-10]), array([-2.41695779e-12, -1.99095803e-12, -2.00040799e-13,  4.81333511e-11,
       -7.93754169e-11, -1.08021928e-15,  9.76973254e-16,  2.51546830e-05,
       -1.56228350e-06, -1.59622430e-08,  7.76611803e-10]), array([-2.58520722e-12, -1.94617499e-12, -2.08757125e-13,  4.81328014e-11,
       -7.29575754e-11, -1.17909631e-15,  8.61753670e-16,  2.35123186e-05,
       -1.52578083e-06, -1.45905759e-08,  7.76611803e-10]), array([-2.55267413e-12, -1.98425421e-12, -2.28884592e-13,  4.62922908e-11,
       -7.93556657e-11, -1.23276114e-15,  1.07699206e-15,  2.30583151e-05,
       -1.73658251e-06, -1.45905759e-08,  7.76611803e-10]), array([-2.41446218e-12, -1.96964851e-12, -2.35359722e-13,  4.81327462e-11,
       -7.92746326e-11, -1.06174825e-15,  8.50194220e-16,  2.43503925e-05,
       -1.67376928e-06, -1.45905759e-08,  7.52512330e-10])]
Mutated Children: [array([-2.43701270e-12, -1.98436494e-12, -2.15259666e-13,  4.53991535e-11,
       -8.01362972e-11, -1.17909631e-15,  9.60247944e-16,  2.39696981e-05,
       -1.51423862e-06, -1.43508839e-08,  8.08441699e-10]), array([-2.48345438e-12, -1.84979667e-12, -1.95181634e-13,  4.62244390e-11,
       -8.65030715e-11, -1.23755720e-15,  9.61272616e-16,  2.23830692e-05,
       -1.67376928e-06, -1.40356911e-08,  7.76611803e-10]), array([-2.24008271e-12, -2.00643093e-12, -2.15266820e-13,  4.81334840e-11,
       -7.89383184e-11, -1.17909631e-15,  9.65833613e-16,  2.39696981e-05,
       -1.67376928e-06, -1.45905759e-08,  7.58526616e-10]), array([-2.45781156e-12, -2.05075921e-12, -2.10688741e-13,  4.81328419e-11,
       -7.93209761e-11, -1.10795057e-15,  7.88339431e-16,  2.39696981e-05,
       -1.67376928e-06, -1.45905759e-08,  7.76611803e-10]), array([-2.41460810e-12, -2.06018376e-12, -2.15257669e-13,  5.25803133e-11,
       -7.92805254e-11, -1.17909631e-15,  8.63579341e-16,  2.39696981e-05,
       -1.67376928e-06, -1.45905759e-08,  7.76611803e-10]), array([-2.22151551e-12, -2.03663234e-12, -2.15265346e-13,  4.81333709e-11,
       -7.23968679e-11, -1.17909631e-15,  9.81120007e-16,  2.39696981e-05,
       -1.67376928e-06, -1.45905759e-08,  7.76611803e-10]), array([-2.41695779e-12, -1.99095803e-12, -2.00040799e-13,  4.81333511e-11,
       -7.93754169e-11, -1.08021928e-15,  9.76973254e-16,  2.51546830e-05,
       -1.56228350e-06, -1.59622430e-08,  7.76611803e-10]), array([-2.58520722e-12, -1.94617499e-12, -2.08757125e-13,  4.81328014e-11,
       -7.29575754e-11, -1.17909631e-15,  8.61753670e-16,  2.35123186e-05,
       -1.52578083e-06, -1.45905759e-08,  7.76611803e-10]), array([-2.55267413e-12, -1.98425421e-12, -2.28884592e-13,  4.62922908e-11,
       -7.93556657e-11, -1.23276114e-15,  1.07699206e-15,  2.30583151e-05,
       -1.73658251e-06, -1.45905759e-08,  7.76611803e-10]), array([-2.41446218e-12, -1.96964851e-12, -2.35359722e-13,  4.81327462e-11,
       -7.92746326e-11, -1.06174825e-15,  8.50194220e-16,  2.43503925e-05,
       -1.67376928e-06, -1.45905759e-08,  7.52512330e-10])]