Original Population: [[-2.19804093e-12 -2.24653134e-12 -2.25057058e-13  4.80183404e-11
  -5.62894655e-11 -1.17909631e-15  1.02466383e-15  2.39696981e-05
  -1.67376928e-06 -1.45905759e-08  7.76611803e-10]
 [-2.17106935e-12 -2.05081997e-12 -2.09203903e-13  4.81434850e-11
  -5.96199904e-11 -1.17909631e-15  9.11088356e-16  2.39696981e-05
  -1.67376928e-06 -1.45905759e-08  7.76611803e-10]
 [-2.18957654e-12 -2.02492211e-12 -2.10470016e-13  4.81334903e-11
  -5.96267210e-11 -1.17909631e-15  9.97944153e-16  2.39696981e-05
  -1.67376928e-06 -1.45905759e-08  7.76611803e-10]
 [-2.18954884e-12 -2.02491044e-12 -2.10469474e-13  4.81335053e-11
  -5.96267109e-11 -1.17909631e-15  9.97957186e-16  2.39696981e-05
  -1.67376928e-06 -1.45905759e-08  7.76611803e-10]
 [-2.39859656e-12 -2.11298922e-12 -2.14558579e-13  4.80206108e-11
  -5.97027366e-11 -1.17909631e-15  8.99621761e-16  2.39696981e-05
  -1.67376928e-06 -1.45905759e-08  7.76611803e-10]
 [-2.39854026e-12 -2.11296551e-12 -2.24765618e-13  4.80206412e-11
  -5.97027161e-11 -1.17909631e-15  9.98224977e-16  2.39696981e-05
  -1.67376928e-06 -1.45905759e-08  7.76611803e-10]
 [-2.20641706e-12 -2.11971548e-12 -2.25861507e-13  4.66275753e-11
  -5.97085424e-11 -1.17909631e-15  1.01712192e-15  2.39696981e-05
  -1.67376928e-06 -1.45905759e-08  7.76611803e-10]
 [-2.38883755e-12 -1.91476193e-12 -2.11422225e-13  4.56554800e-11
  -6.12954686e-11 -1.17909631e-15  9.09004435e-16  2.39696981e-05
  -1.67376928e-06 -1.45905759e-08  7.76611803e-10]
 [-2.33479744e-12 -1.91361592e-12 -2.11432138e-13  4.56296980e-11
  -6.13128308e-11 -1.17909631e-15  1.00389794e-15  2.39696981e-05
  -1.67376928e-06 -1.45905759e-08  7.76611803e-10]
 [-2.53613214e-12 -1.84406848e-12 -2.11415273e-13  4.56735629e-11
  -6.12832912e-11 -1.17321350e-15  8.76713265e-16  2.39696981e-05
  -1.67376928e-06 -1.45905759e-08  7.76611803e-10]
 [-2.41704746e-12 -2.23582914e-12 -2.13487185e-13  4.70615006e-11
  -5.97094467e-11 -1.23228565e-15  9.98249849e-16  2.39696981e-05
  -1.67376928e-06 -1.45905759e-08  7.76611803e-10]
 [-2.27700140e-12 -2.08850673e-12 -2.09373584e-13  5.21540004e-11
  -5.96208846e-11 -1.18286006e-15  9.97936659e-16  2.39696981e-05
  -1.67376928e-06 -1.51691735e-08  7.47185370e-10]
 [-2.00657751e-12 -1.92431855e-12 -2.09347069e-13  4.86779674e-11
  -5.96058429e-11 -1.15174968e-15  1.03189827e-15  2.39696981e-05
  -1.67376928e-06 -1.45905759e-08  7.52513466e-10]
 [-2.19100310e-12 -2.02410666e-12 -2.10476426e-13  4.81154224e-11
  -6.51662427e-11 -1.16631780e-15  9.97308073e-16  2.59098572e-05
  -1.76170528e-06 -1.45905759e-08  7.76611803e-10]
 [-2.27178405e-12 -2.03394136e-12 -2.08298061e-13  4.79896079e-11
  -6.32673616e-11 -1.09645807e-15  9.26902311e-16  2.20029305e-05
  -1.67376928e-06 -1.51636663e-08  8.34356838e-10]
 [-2.18528835e-12 -2.02311536e-12 -2.10178033e-13  4.81358061e-11
  -6.31015850e-11 -1.12730324e-15  9.97951727e-16  2.53289501e-05
  -1.55579169e-06 -1.45905759e-08  7.76611803e-10]]
Parents: [[-2.19804093e-12 -2.24653134e-12 -2.25057058e-13  4.80183404e-11
  -5.62894655e-11 -1.17909631e-15  1.02466383e-15  2.39696981e-05
  -1.67376928e-06 -1.45905759e-08  7.76611803e-10]
 [-2.17106935e-12 -2.05081997e-12 -2.09203903e-13  4.81434850e-11
  -5.96199904e-11 -1.17909631e-15  9.11088356e-16  2.39696981e-05
  -1.67376928e-06 -1.45905759e-08  7.76611803e-10]
 [-2.18957654e-12 -2.02492211e-12 -2.10470016e-13  4.81334903e-11
  -5.96267210e-11 -1.17909631e-15  9.97944153e-16  2.39696981e-05
  -1.67376928e-06 -1.45905759e-08  7.76611803e-10]
 [-2.18954884e-12 -2.02491044e-12 -2.10469474e-13  4.81335053e-11
  -5.96267109e-11 -1.17909631e-15  9.97957186e-16  2.39696981e-05
  -1.67376928e-06 -1.45905759e-08  7.76611803e-10]
 [-2.39859656e-12 -2.11298922e-12 -2.14558579e-13  4.80206108e-11
  -5.97027366e-11 -1.17909631e-15  8.99621761e-16  2.39696981e-05
  -1.67376928e-06 -1.45905759e-08  7.76611803e-10]
 [-2.39854026e-12 -2.11296551e-12 -2.24765618e-13  4.80206412e-11
  -5.97027161e-11 -1.17909631e-15  9.98224977e-16  2.39696981e-05
  -1.67376928e-06 -1.45905759e-08  7.76611803e-10]]
Crossover Children: [array([-2.19384223e-12, -2.01895297e-12, -2.10761839e-13,  4.81311867e-11,
       -6.10939261e-11, -1.17909631e-15,  9.54588867e-16,  2.39696981e-05,
       -1.53605352e-06, -1.45905759e-08,  7.09167764e-10]), array([-2.05723688e-12, -2.05678911e-12, -2.08912080e-13,  4.81457886e-11,
       -6.39186875e-11, -1.26772178e-15,  9.53002660e-16,  2.39696981e-05,
       -1.67376928e-06, -1.45905759e-08,  7.76611803e-10]), array([-2.57045979e-12, -2.10014174e-12, -2.13962128e-13,  4.80370780e-11,
       -6.20876831e-11, -1.17909631e-15,  9.13965313e-16,  2.26634671e-05,
       -1.67376928e-06, -1.34519066e-08,  7.76611803e-10]), array([-2.03273577e-12, -1.84380711e-12, -2.11065925e-13,  4.81170381e-11,
       -5.96378003e-11, -1.17909631e-15,  9.83613635e-16,  2.33306191e-05,
       -1.67376928e-06, -1.43016335e-08,  7.76611803e-10]), array([-2.17187661e-12, -1.86462405e-12, -2.09259189e-13,  4.81430490e-11,
       -6.09174066e-11, -1.08322817e-15,  9.14883148e-16,  2.39696981e-05,
       -1.73464650e-06, -1.45905759e-08,  7.76611803e-10]), array([-2.18874158e-12, -2.02604228e-12, -2.10414188e-13,  4.90187467e-11,
       -5.96264173e-11, -1.17909631e-15,  9.08941406e-16,  2.39696981e-05,
       -1.57696035e-06, -1.45905759e-08,  7.76611803e-10]), array([-2.33843680e-12, -1.88139512e-12, -2.10283642e-13,  4.81349616e-11,
       -5.96257302e-11, -1.17909631e-15,  9.62416990e-16,  2.25955549e-05,
       -1.67376928e-06, -1.48317756e-08,  7.76611803e-10]), array([-2.17379363e-12, -2.04700777e-12, -2.09390277e-13,  4.81420138e-11,
       -5.96209811e-11, -1.26938371e-15,  9.23873642e-16,  2.39696981e-05,
       -1.67376928e-06, -1.45905759e-08,  7.76611803e-10]), array([-2.34022039e-12, -2.21824002e-12, -2.22832922e-13,  4.56349841e-11,
       -5.70125779e-11, -1.07827208e-15,  1.01066625e-15,  2.58777828e-05,
       -1.67376928e-06, -1.35071991e-08,  7.76611803e-10]), array([-2.35610821e-12, -2.14128055e-12, -2.05161983e-13,  4.80201298e-11,
       -5.89796241e-11, -1.09362246e-15,  9.63520415e-16,  2.59670676e-05,
       -1.67376928e-06, -1.35370037e-08,  7.76611803e-10])]
Mutated Children: [array([-2.19384223e-12, -2.01895297e-12, -2.10761839e-13,  4.81311867e-11,
       -6.10939261e-11, -1.17909631e-15,  9.54588867e-16,  2.39696981e-05,
       -1.53605352e-06, -1.45905759e-08,  7.09167764e-10]), array([-2.05723688e-12, -2.05678911e-12, -2.08912080e-13,  4.81457886e-11,
       -6.39186875e-11, -1.26772178e-15,  9.53002660e-16,  2.39696981e-05,
       -1.67376928e-06, -1.45905759e-08,  7.76611803e-10]), array([-2.57045979e-12, -2.10014174e-12, -2.13962128e-13,  4.80370780e-11,
       -6.20876831e-11, -1.17909631e-15,  9.13965313e-16,  2.26634671e-05,
       -1.67376928e-06, -1.34519066e-08,  7.76611803e-10]), array([-2.03273577e-12, -1.84380711e-12, -2.11065925e-13,  4.81170381e-11,
       -5.96378003e-11, -1.17909631e-15,  9.83613635e-16,  2.33306191e-05,
       -1.67376928e-06, -1.43016335e-08,  7.76611803e-10]), array([-2.17187661e-12, -1.86462405e-12, -2.09259189e-13,  4.81430490e-11,
       -6.09174066e-11, -1.08322817e-15,  9.14883148e-16,  2.39696981e-05,
       -1.73464650e-06, -1.45905759e-08,  7.76611803e-10]), array([-2.18874158e-12, -2.02604228e-12, -2.10414188e-13,  4.90187467e-11,
       -5.96264173e-11, -1.17909631e-15,  9.08941406e-16,  2.39696981e-05,
       -1.57696035e-06, -1.45905759e-08,  7.76611803e-10]), array([-2.33843680e-12, -1.88139512e-12, -2.10283642e-13,  4.81349616e-11,
       -5.96257302e-11, -1.17909631e-15,  9.62416990e-16,  2.25955549e-05,
       -1.67376928e-06, -1.48317756e-08,  7.76611803e-10]), array([-2.17379363e-12, -2.04700777e-12, -2.09390277e-13,  4.81420138e-11,
       -5.96209811e-11, -1.26938371e-15,  9.23873642e-16,  2.39696981e-05,
       -1.67376928e-06, -1.45905759e-08,  7.76611803e-10]), array([-2.34022039e-12, -2.21824002e-12, -2.22832922e-13,  4.56349841e-11,
       -5.70125779e-11, -1.07827208e-15,  1.01066625e-15,  2.58777828e-05,
       -1.67376928e-06, -1.35071991e-08,  7.76611803e-10]), array([-2.35610821e-12, -2.14128055e-12, -2.05161983e-13,  4.80201298e-11,
       -5.89796241e-11, -1.09362246e-15,  9.63520415e-16,  2.59670676e-05,
       -1.67376928e-06, -1.35370037e-08,  7.76611803e-10])]