Original Population: [[-2.20208151e-12 -2.02805561e-12 -2.12500089e-13  4.81334605e-11
  -7.07127610e-11 -1.17909631e-15  1.06139930e-15  2.39696981e-05
  -1.67376928e-06 -1.45905759e-08  7.76611803e-10]
 [-2.10137186e-12 -2.02891319e-12 -2.32748180e-13  4.81334356e-11
  -7.11022154e-11 -1.17909631e-15  1.10051367e-15  2.39696981e-05
  -1.67376928e-06 -1.45905759e-08  7.76611803e-10]
 [-2.22151551e-12 -2.03663234e-12 -2.15265346e-13  4.81333709e-11
  -7.23968679e-11 -1.17909631e-15  9.81120007e-16  2.39696981e-05
  -1.67376928e-06 -1.45905759e-08  7.76611803e-10]
 [-2.22912281e-12 -2.03058923e-12 -2.17322362e-13  4.81333870e-11
  -7.28685502e-11 -1.17909631e-15  1.02465981e-15  2.39696981e-05
  -1.67376928e-06 -1.45905759e-08  7.76611803e-10]
 [-2.19855126e-12 -2.03428705e-12 -2.17677540e-13  4.81333771e-11
  -7.29578101e-11 -1.17909631e-15  1.03581942e-15  2.39696981e-05
  -1.67376928e-06 -1.45905759e-08  7.76611803e-10]
 [-2.29622036e-12 -2.02698286e-12 -2.12834777e-13  4.79801101e-11
  -7.42941382e-11 -1.17909631e-15  1.12361472e-15  2.39696981e-05
  -1.67376928e-06 -1.45905759e-08  7.76611803e-10]
 [-2.33471163e-12 -2.18624827e-12 -2.18533470e-13  5.02438387e-11
  -7.64879096e-11 -1.17909631e-15  8.72920349e-16  2.39696981e-05
  -1.67376928e-06 -1.45905759e-08  7.76611803e-10]
 [-2.35527332e-12 -2.04240882e-12 -2.15922150e-13  4.81330441e-11
  -7.72310338e-11 -1.17909631e-15  8.53266240e-16  2.39696981e-05
  -1.67376928e-06 -1.45905759e-08  7.76611803e-10]
 [-2.36758174e-12 -2.04155124e-12 -2.15717688e-13  4.81330690e-11
  -7.68415793e-11 -1.08541677e-15  8.96792056e-16  2.39696981e-05
  -1.67376928e-06 -1.45905759e-08  7.76611803e-10]
 [-2.36352019e-12 -2.03016491e-12 -1.97457773e-13  4.45354423e-11
  -6.65456076e-11 -1.25716115e-15  1.02337926e-15  2.49762895e-05
  -1.67376928e-06 -1.45905759e-08  7.76611803e-10]
 [-2.26665084e-12 -2.03135972e-12 -2.17718296e-13  4.81333760e-11
  -7.29680525e-11 -1.17909631e-15  1.10698635e-15  2.39696981e-05
  -1.80124802e-06 -1.42949430e-08  7.76611803e-10]
 [-2.23157882e-12 -2.14311049e-12 -2.17760341e-13  4.81333803e-11
  -7.30643480e-11 -1.17909631e-15  1.02132297e-15  2.39696981e-05
  -1.77212873e-06 -1.38301187e-08  7.44954214e-10]
 [-2.24641593e-12 -2.03770509e-12 -2.15611215e-13  4.64921243e-11
  -7.26075102e-11 -1.17909631e-15  9.71078947e-16  2.39696981e-05
  -1.70480735e-06 -1.45905759e-08  8.29209062e-10]
 [-2.28542303e-12 -2.15294974e-12 -2.17806116e-13  4.86452156e-11
  -7.55774072e-11 -1.17909631e-15  8.90005117e-16  2.56040381e-05
  -1.67376928e-06 -1.55063371e-08  8.24327316e-10]
 [-2.24670844e-12 -2.06993087e-12 -2.24186469e-13  4.86030767e-11
  -7.33073703e-11 -1.17909631e-15  9.57039087e-16  2.39696981e-05
  -1.67376928e-06 -1.45905759e-08  8.37907992e-10]
 [-2.17370574e-12 -2.02782550e-12 -2.15843710e-13  4.34368333e-11
  -7.05169632e-11 -1.18213008e-15  1.06473614e-15  2.39696981e-05
  -1.67376928e-06 -1.45905759e-08  8.47532178e-10]]
Parents: [[-2.20208151e-12 -2.02805561e-12 -2.12500089e-13  4.81334605e-11
  -7.07127610e-11 -1.17909631e-15  1.06139930e-15  2.39696981e-05
  -1.67376928e-06 -1.45905759e-08  7.76611803e-10]
 [-2.10137186e-12 -2.02891319e-12 -2.32748180e-13  4.81334356e-11
  -7.11022154e-11 -1.17909631e-15  1.10051367e-15  2.39696981e-05
  -1.67376928e-06 -1.45905759e-08  7.76611803e-10]
 [-2.22151551e-12 -2.03663234e-12 -2.15265346e-13  4.81333709e-11
  -7.23968679e-11 -1.17909631e-15  9.81120007e-16  2.39696981e-05
  -1.67376928e-06 -1.45905759e-08  7.76611803e-10]
 [-2.22912281e-12 -2.03058923e-12 -2.17322362e-13  4.81333870e-11
  -7.28685502e-11 -1.17909631e-15  1.02465981e-15  2.39696981e-05
  -1.67376928e-06 -1.45905759e-08  7.76611803e-10]
 [-2.19855126e-12 -2.03428705e-12 -2.17677540e-13  4.81333771e-11
  -7.29578101e-11 -1.17909631e-15  1.03581942e-15  2.39696981e-05
  -1.67376928e-06 -1.45905759e-08  7.76611803e-10]
 [-2.29622036e-12 -2.02698286e-12 -2.12834777e-13  4.79801101e-11
  -7.42941382e-11 -1.17909631e-15  1.12361472e-15  2.39696981e-05
  -1.67376928e-06 -1.45905759e-08  7.76611803e-10]]
Crossover Children: [array([-2.22022955e-12, -1.99778349e-12, -2.01249145e-13,  5.17224347e-11,
       -7.22854292e-11, -1.09712334e-15,  1.00362098e-15,  2.39696981e-05,
       -1.67376928e-06, -1.45905759e-08,  7.76611803e-10]), array([-2.20336747e-12, -2.06107619e-12, -2.12683068e-13,  4.81334546e-11,
       -7.08241997e-11, -1.21718642e-15,  1.04361138e-15,  2.39696981e-05,
       -1.67376928e-06, -1.34037247e-08,  7.97857269e-10]), array([-2.20724590e-12, -2.02853949e-12, -2.02673325e-13,  4.81334465e-11,
       -7.11244774e-11, -1.17909631e-15,  1.05438273e-15,  2.59183272e-05,
       -1.67376928e-06, -1.39529193e-08,  7.76611803e-10]), array([-2.21964136e-12, -1.93179594e-12, -2.04639114e-13,  4.81334010e-11,
       -6.73931385e-11, -1.17909631e-15,  1.03167638e-15,  2.39696981e-05,
       -1.67376928e-06, -1.32754322e-08,  7.76611803e-10]), array([-2.19676844e-12, -2.02755781e-12, -2.11552611e-13,  4.81334749e-11,
       -6.71443456e-11, -1.17909631e-15,  1.06861786e-15,  2.39696981e-05,
       -1.67376928e-06, -1.45905759e-08,  7.76611803e-10]), array([-2.23443588e-12, -1.92108052e-12, -2.18269840e-13,  4.81333726e-11,
       -7.32921188e-11, -1.08822365e-15,  1.01744125e-15,  2.39147247e-05,
       -1.67376928e-06, -1.59494996e-08,  7.76611803e-10]), array([-2.36251805e-12, -2.15009569e-12, -2.12102666e-13,  4.56729295e-11,
       -7.45267108e-11, -1.23520494e-15,  1.23297383e-15,  2.26693721e-05,
       -1.67376928e-06, -1.45905759e-08,  7.99186672e-10]), array([-2.21817642e-12, -2.03117758e-12, -1.99240649e-13,  4.81583928e-11,
       -7.26359777e-11, -1.17909631e-15,  1.00851616e-15,  2.39696981e-05,
       -1.67376928e-06, -1.39226693e-08,  7.76611803e-10]), array([-2.20764830e-12, -2.02800821e-12, -2.17066624e-13,  4.41254725e-11,
       -7.06912336e-11, -1.18728223e-15,  1.05923723e-15,  2.39696981e-05,
       -1.83420410e-06, -1.46072352e-08,  7.76611803e-10]), array([-2.09580506e-12, -2.04741868e-12, -2.33867407e-13,  5.13164226e-11,
       -7.29513415e-11, -1.17909631e-15,  1.10267574e-15,  2.55507170e-05,
       -1.67376928e-06, -1.45905759e-08,  7.76611803e-10])]
Mutated Children: [array([-2.22022955e-12, -1.99778349e-12, -2.01249145e-13,  5.17224347e-11,
       -7.22854292e-11, -1.09712334e-15,  1.00362098e-15,  2.39696981e-05,
       -1.67376928e-06, -1.45905759e-08,  7.76611803e-10]), array([-2.20336747e-12, -2.06107619e-12, -2.12683068e-13,  4.81334546e-11,
       -7.08241997e-11, -1.21718642e-15,  1.04361138e-15,  2.39696981e-05,
       -1.67376928e-06, -1.34037247e-08,  7.97857269e-10]), array([-2.20724590e-12, -2.02853949e-12, -2.02673325e-13,  4.81334465e-11,
       -7.11244774e-11, -1.17909631e-15,  1.05438273e-15,  2.59183272e-05,
       -1.67376928e-06, -1.39529193e-08,  7.76611803e-10]), array([-2.21964136e-12, -1.93179594e-12, -2.04639114e-13,  4.81334010e-11,
       -6.73931385e-11, -1.17909631e-15,  1.03167638e-15,  2.39696981e-05,
       -1.67376928e-06, -1.32754322e-08,  7.76611803e-10]), array([-2.19676844e-12, -2.02755781e-12, -2.11552611e-13,  4.81334749e-11,
       -6.71443456e-11, -1.17909631e-15,  1.06861786e-15,  2.39696981e-05,
       -1.67376928e-06, -1.45905759e-08,  7.76611803e-10]), array([-2.23443588e-12, -1.92108052e-12, -2.18269840e-13,  4.81333726e-11,
       -7.32921188e-11, -1.08822365e-15,  1.01744125e-15,  2.39147247e-05,
       -1.67376928e-06, -1.59494996e-08,  7.76611803e-10]), array([-2.36251805e-12, -2.15009569e-12, -2.12102666e-13,  4.56729295e-11,
       -7.45267108e-11, -1.23520494e-15,  1.23297383e-15,  2.26693721e-05,
       -1.67376928e-06, -1.45905759e-08,  7.99186672e-10]), array([-2.21817642e-12, -2.03117758e-12, -1.99240649e-13,  4.81583928e-11,
       -7.26359777e-11, -1.17909631e-15,  1.00851616e-15,  2.39696981e-05,
       -1.67376928e-06, -1.39226693e-08,  7.76611803e-10]), array([-2.20764830e-12, -2.02800821e-12, -2.17066624e-13,  4.41254725e-11,
       -7.06912336e-11, -1.18728223e-15,  1.05923723e-15,  2.39696981e-05,
       -1.83420410e-06, -1.46072352e-08,  7.76611803e-10]), array([-2.09580506e-12, -2.04741868e-12, -2.33867407e-13,  5.13164226e-11,
       -7.29513415e-11, -1.17909631e-15,  1.10267574e-15,  2.55507170e-05,
       -1.67376928e-06, -1.45905759e-08,  7.76611803e-10])]