Original Population: [[-2.41662611e-12 -2.00073004e-12 -2.15264041e-13  4.81332707e-11
  -7.93620218e-11 -1.17909631e-15  9.60123331e-16  2.39696981e-05
  -1.67376928e-06 -1.45905759e-08  7.76611803e-10]
 [-2.63556629e-12 -1.82497834e-12 -2.15217055e-13  4.81296640e-11
  -8.76772911e-11 -1.17909631e-15  9.61461595e-16  2.39696981e-05
  -1.67376928e-06 -1.45905759e-08  7.76611803e-10]
 [-2.62495757e-12 -1.89767930e-12 -2.15921847e-13  4.81837655e-11
  -8.77754180e-11 -1.17909631e-15  9.41387453e-16  2.39696981e-05
  -1.67376928e-06 -1.45905759e-08  7.76611803e-10]
 [-2.41860389e-12 -1.92541004e-12 -2.25304313e-13  4.81808645e-11
  -8.77752842e-11 -1.17909631e-15  8.60637383e-16  2.39696981e-05
  -1.67376928e-06 -1.45905759e-08  7.76611803e-10]
 [-2.41598850e-12 -1.75880581e-12 -2.25425910e-13  4.81814817e-11
  -8.77764655e-11 -1.17909631e-15  8.59421991e-16  2.39696981e-05
  -1.67376928e-06 -1.45905759e-08  7.76611803e-10]
 [-2.59910760e-12 -1.81399106e-12 -2.16912133e-13  4.81382678e-11
  -8.77833983e-11 -1.17909631e-15  9.44518940e-16  2.39696981e-05
  -1.67376928e-06 -1.45905759e-08  7.76611803e-10]
 [-2.40024352e-12 -2.00883365e-12 -2.05808195e-13  4.44205740e-11
  -7.87004167e-11 -1.15101385e-15  1.02886706e-15  2.39696981e-05
  -1.67376928e-06 -1.45905759e-08  7.76611803e-10]
 [-2.41661928e-12 -1.97726638e-12 -2.35715620e-13  4.38846949e-11
  -7.49440612e-11 -1.17909631e-15  9.94183647e-16  2.39696981e-05
  -1.67376928e-06 -1.47919523e-08  7.76611803e-10]
 [-2.62371721e-12 -1.83730060e-12 -2.15336512e-13  4.81388337e-11
  -8.76939229e-11 -1.14993362e-15  9.58059181e-16  2.39696981e-05
  -1.67376928e-06 -1.45905759e-08  7.70059322e-10]
 [-2.33531706e-12 -1.96186200e-12 -2.15253650e-13  4.81324730e-11
  -8.12009698e-11 -1.17909631e-15  9.60419293e-16  2.39696981e-05
  -1.77094682e-06 -1.44968271e-08  7.76611803e-10]
 [-2.36501625e-12 -1.88535704e-12 -2.15802390e-13  4.81745957e-11
  -9.60674324e-11 -1.17909631e-15  9.44789867e-16  2.55510390e-05
  -1.72916373e-06 -1.45905759e-08  7.76611803e-10]
 [-2.79758377e-12 -1.86384638e-12 -2.19035193e-13  5.03995291e-11
  -8.58383431e-11 -1.06900364e-15  9.61165634e-16  2.39696981e-05
  -1.67376928e-06 -1.38424762e-08  7.76611803e-10]
 [-2.64134015e-12 -1.88957568e-12 -2.30349065e-13  4.50789696e-11
  -8.84370232e-11 -1.17909631e-15  1.01642254e-15  2.39696981e-05
  -1.82859827e-06 -1.45905759e-08  7.76611803e-10]
 [-2.37708226e-12 -2.02402351e-12 -2.15270268e-13  4.81337487e-11
  -7.82599471e-11 -1.17909631e-15  9.59945963e-16  2.57326023e-05
  -1.67376928e-06 -1.45905759e-08  7.95427285e-10]
 [-2.66458381e-12 -1.62947221e-12 -2.15210828e-13  4.81291859e-11
  -8.87793658e-11 -1.17909631e-15  9.61638964e-16  2.37698129e-05
  -1.67376928e-06 -1.45905759e-08  8.15792239e-10]
 [-2.41599533e-12 -1.76139686e-12 -2.46816899e-13  4.81809654e-11
  -8.76863456e-11 -1.17909631e-15  9.11951130e-16  2.39696981e-05
  -1.50663836e-06 -1.45905759e-08  8.00512756e-10]]
Parents: [[-2.41662611e-12 -2.00073004e-12 -2.15264041e-13  4.81332707e-11
  -7.93620218e-11 -1.17909631e-15  9.60123331e-16  2.39696981e-05
  -1.67376928e-06 -1.45905759e-08  7.76611803e-10]
 [-2.63556629e-12 -1.82497834e-12 -2.15217055e-13  4.81296640e-11
  -8.76772911e-11 -1.17909631e-15  9.61461595e-16  2.39696981e-05
  -1.67376928e-06 -1.45905759e-08  7.76611803e-10]
 [-2.62495757e-12 -1.89767930e-12 -2.15921847e-13  4.81837655e-11
  -8.77754180e-11 -1.17909631e-15  9.41387453e-16  2.39696981e-05
  -1.67376928e-06 -1.45905759e-08  7.76611803e-10]
 [-2.41860389e-12 -1.92541004e-12 -2.25304313e-13  4.81808645e-11
  -8.77752842e-11 -1.17909631e-15  8.60637383e-16  2.39696981e-05
  -1.67376928e-06 -1.45905759e-08  7.76611803e-10]
 [-2.41598850e-12 -1.75880581e-12 -2.25425910e-13  4.81814817e-11
  -8.77764655e-11 -1.17909631e-15  8.59421991e-16  2.39696981e-05
  -1.67376928e-06 -1.45905759e-08  7.76611803e-10]
 [-2.59910760e-12 -1.81399106e-12 -2.16912133e-13  4.81382678e-11
  -8.77833983e-11 -1.17909631e-15  9.44518940e-16  2.39696981e-05
  -1.67376928e-06 -1.45905759e-08  7.76611803e-10]]
Crossover Children: [array([-2.62638351e-12, -1.88790744e-12, -2.15827115e-13,  4.81764936e-11,
       -8.77622286e-11, -1.17909631e-15,  9.44085652e-16,  2.37737314e-05,
       -1.76363987e-06, -1.45905759e-08,  7.97091823e-10]), array([-2.62584039e-12, -1.83475020e-12, -2.15311787e-13,  4.92560584e-11,
       -9.29010223e-11, -1.17909631e-15,  8.98482160e-16,  2.39696981e-05,
       -1.67376928e-06, -1.45905759e-08,  7.76611803e-10]), array([-2.42841683e-12, -1.92169294e-12, -2.15301270e-13,  4.81361285e-11,
       -7.98381861e-11, -1.12089501e-15,  1.02055690e-15,  2.35502346e-05,
       -1.67376928e-06, -1.45905759e-08,  7.76611803e-10]), array([-2.61316685e-12, -1.90351155e-12, -2.28712727e-13,  4.81809077e-11,
       -8.57457415e-11, -1.17909631e-15,  8.74750724e-16,  2.33563876e-05,
       -1.67376928e-06, -1.51552416e-08,  7.76611803e-10]), array([-2.65707414e-12, -1.95019257e-12, -2.16023256e-13,  4.81915498e-11,
       -8.90724351e-11, -1.24860029e-15,  9.30016542e-16,  2.39696981e-05,
       -1.67376928e-06, -1.45905759e-08,  7.98483161e-10]), array([-2.22738761e-12, -2.01661643e-12, -2.22769038e-13,  4.81254864e-11,
       -7.80650048e-11, -1.13632073e-15,  9.02740233e-16,  2.39696981e-05,
       -1.51532433e-06, -1.45905759e-08,  8.43788559e-10]), array([-2.41864943e-12, -1.99865951e-12, -2.15282314e-13,  4.81333261e-11,
       -7.94553965e-11, -1.20727197e-15,  8.73709358e-16,  2.44912395e-05,
       -1.50906205e-06, -1.45905759e-08,  8.07687169e-10]), array([-2.59708428e-12, -1.81606158e-12, -2.16893859e-13,  4.64245669e-11,
       -8.76900236e-11, -1.17909631e-15,  9.66611024e-16,  2.39696981e-05,
       -1.67376928e-06, -1.45905759e-08,  8.22505092e-10]), array([-2.37836019e-12, -1.74746604e-12, -2.47529863e-13,  4.81903616e-11,
       -8.77750409e-11, -1.17909631e-15,  8.41935804e-16,  2.39696981e-05,
       -1.67376928e-06, -1.59554181e-08,  7.78588012e-10]), array([-2.63673591e-12, -1.82533082e-12, -2.15162676e-13,  4.84779250e-11,
       -8.57023268e-11, -1.15205798e-15,  9.64977096e-16,  2.57788264e-05,
       -1.67376928e-06, -1.45905759e-08,  7.76611803e-10])]
Mutated Children: [array([-2.62638351e-12, -1.88790744e-12, -2.15827115e-13,  4.81764936e-11,
       -8.77622286e-11, -1.17909631e-15,  9.44085652e-16,  2.37737314e-05,
       -1.76363987e-06, -1.45905759e-08,  7.97091823e-10]), array([-2.62584039e-12, -1.83475020e-12, -2.15311787e-13,  4.92560584e-11,
       -9.29010223e-11, -1.17909631e-15,  8.98482160e-16,  2.39696981e-05,
       -1.67376928e-06, -1.45905759e-08,  7.76611803e-10]), array([-2.42841683e-12, -1.92169294e-12, -2.15301270e-13,  4.81361285e-11,
       -7.98381861e-11, -1.12089501e-15,  1.02055690e-15,  2.35502346e-05,
       -1.67376928e-06, -1.45905759e-08,  7.76611803e-10]), array([-2.61316685e-12, -1.90351155e-12, -2.28712727e-13,  4.81809077e-11,
       -8.57457415e-11, -1.17909631e-15,  8.74750724e-16,  2.33563876e-05,
       -1.67376928e-06, -1.51552416e-08,  7.76611803e-10]), array([-2.65707414e-12, -1.95019257e-12, -2.16023256e-13,  4.81915498e-11,
       -8.90724351e-11, -1.24860029e-15,  9.30016542e-16,  2.39696981e-05,
       -1.67376928e-06, -1.45905759e-08,  7.98483161e-10]), array([-2.22738761e-12, -2.01661643e-12, -2.22769038e-13,  4.81254864e-11,
       -7.80650048e-11, -1.13632073e-15,  9.02740233e-16,  2.39696981e-05,
       -1.51532433e-06, -1.45905759e-08,  8.43788559e-10]), array([-2.41864943e-12, -1.99865951e-12, -2.15282314e-13,  4.81333261e-11,
       -7.94553965e-11, -1.20727197e-15,  8.73709358e-16,  2.44912395e-05,
       -1.50906205e-06, -1.45905759e-08,  8.07687169e-10]), array([-2.59708428e-12, -1.81606158e-12, -2.16893859e-13,  4.64245669e-11,
       -8.76900236e-11, -1.17909631e-15,  9.66611024e-16,  2.39696981e-05,
       -1.67376928e-06, -1.45905759e-08,  8.22505092e-10]), array([-2.37836019e-12, -1.74746604e-12, -2.47529863e-13,  4.81903616e-11,
       -8.77750409e-11, -1.17909631e-15,  8.41935804e-16,  2.39696981e-05,
       -1.67376928e-06, -1.59554181e-08,  7.78588012e-10]), array([-2.63673591e-12, -1.82533082e-12, -2.15162676e-13,  4.84779250e-11,
       -8.57023268e-11, -1.15205798e-15,  9.64977096e-16,  2.57788264e-05,
       -1.67376928e-06, -1.45905759e-08,  7.76611803e-10])]